Spectrometer Wavelength	Spectrometer Intensity
nm	W/nm

173.65472	     0.0
174.043878385904	     0.0
174.43299532146017	     0.0
174.8220708034346	     0.0
175.2111048285934	     0.0
175.60009739370275	     0.0
175.98904849552875	     0.0
176.37795813083753	     0.0
176.76682629639527	     0.0
177.155652988968	     0.0
177.54443820532197	     0.0
177.93318194222323	     0.0
178.32188419643796	     0.0
178.71054496473226	     0.0
179.0991642438723	     0.0
179.48774203062413	     0.0
179.876278321754	     0.0
180.26477311402795	     0.0
180.65322640421215	     0.0
181.04163818907267	     0.0
181.43000846537578	     0.0
181.81833722988745	     0.0
182.20662447937391	     0.0
182.59487021060133	     0.0
182.98307442033573	     0.0
183.37123710534325	     0.0
183.75935826239012	     0.0
184.14743788824242	     0.0
184.53547597966627	     0.0
184.92347253342783	     0.0
185.31142754629317	     0.0
185.6993410150285	     0.0
186.0872129363999	     0.0
186.47504330717354	     0.0
186.8628321241155	     0.0
187.25057938399198	     0.0
187.63828508356903	     0.0
188.02594921961284	     0.0
188.41357178888953	     0.0
188.80115278816524	     0.0
189.18869221420607	     0.0
189.5761900637782	     0.0
189.96364633364772	     0.0
190.35106102058077	     0.0
190.7384341213435	     0.0
191.125765632702	     0.0
191.51305555142247	     0.0
191.90030387427097	     0.0
192.2875105980137	     0.0
192.67467571941674	     0.0
193.06179923524627	     0.0
193.44888114226833	     0.0
193.83592143724914	     0.0
194.22292011695484	     0.0
194.6098771781515	     0.0
194.99679261760522	     0.0
195.3836664320823	     0.0
195.77049861834868	     0.0
196.15728917317062	     0.0
196.54403809331416	     0.0
196.9307453755455	     0.0
197.31741101663076	     0.0
197.70403501333607	     0.0
198.09061736242754	     0.0
198.47715806067131	     0.0
198.86365710483352	     0.0
199.25011449168028	     0.0
199.63653021797776	     0.0
200.02290428049204	     0.0
200.40923667598935	     0.0
200.79552740123574	     0.0
201.1817764529973	     0.0
201.56798382804024	     0.0
201.9541495231307	     0.0
202.34027353503475	     0.0
202.7263558605186	     0.0
203.1123964963483	     0.0
203.49839543929002	     0.0
203.8843526861099	     0.0
204.2702682335741	     0.0
204.65614207844862	     0.0
205.04197421749976	     0.0
205.42776464749355	     0.0
205.81351336519617	     0.0
206.1992203673737	     0.0
206.58488565079233	     0.0
206.97050921221813	     0.0
207.3560910484173	     0.0
207.74163115615593	     0.0
208.12712953220014	     0.0
208.51258617331612	     0.0
208.89800107626996	     0.0
209.2833742378278	     0.0
209.6687056547557	     0.0
210.05399532381995	     0.0
210.43924324178656	     0.0
210.82444940542166	     0.0
211.2096138114914	     0.0
211.594736456762	     0.0
211.97981733799946	     0.0
212.36485645197	     0.0
212.7498537954397	     0.0
213.13480936517473	     0.0
213.5197231579412	     0.0
213.90459517050525	     0.0
214.289425399633	     0.0
214.67421384209064	     0.0
215.0589604946442	     0.0
215.44366535405987	     0.0
215.82832841710376	     0.0
216.21294968054207	     0.0
216.59752914114085	     0.0
216.98206679566627	     0.0
217.36656264088444	     0.0
217.75101667356148	     0.0
218.13542889046363	     0.0
218.5197992883569	     0.0
218.90412786400742	     0.0
219.2884146141814	     0.0
219.67265953564493	     0.0
220.05686262516417	     0.0
220.4410238795052	     0.0
220.82514329543415	     0.0
221.20922086971726	     0.0
221.5932565991205	     0.0
221.97725048041016	     0.0
222.36120251035226	     0.0
222.745112685713	     0.0
223.12898100325842	     0.0
223.51280745975478	     0.0
223.89659205196807	     0.0
224.28033477666457	     0.0
224.66403563061027	     0.0
225.04769461057145	     0.0
225.4313117133141	     0.0
225.81488693560442	     0.0
226.19842027420856	     0.0
226.5819117258926	     0.0
226.96536128742272	     0.0
227.34876895556505	     0.0
227.73213472708565	     0.0
228.11545859875076	     0.0
228.49874056732645	     0.0
228.88198062957883	     0.0
229.26517878227406	     0.0
229.6483350221783	     0.0
230.03144934605763	     0.0
230.4145217506782	     0.0
230.79755223280617	     0.0
231.1805407892076	     0.0
231.56348741664874	     0.0
231.94639211189562	     0.0
232.32925487171443	     0.0
232.71207569287122	     0.0
233.09485457213225	     0.0
233.47759150626354	     0.0
233.86028649203126	     0.0
234.24293952620155	     0.0
234.62555060554055	     0.0
235.00811972681436	     0.0
235.3906468867891	     0.0
235.77313208223097	     0.0
236.15557530990608	     0.0
236.5379765665805	     0.0
236.92033584902043	     0.0
237.30265315399197	     0.0
237.6849284782613	     0.0
238.06716181859446	     0.0
238.44935317175762	     0.0
238.831502534517	     0.0
239.21360990363863	     0.0
239.59567527588865	     0.0
239.9776986480332	     0.0
240.35968001683844	     0.0
240.74161937907053	     0.0
241.12351673149547	     0.0
241.5053720708795	     0.0
241.88718539398874	     0.0
242.26895669758935	     0.0
242.6506859784474	     0.0
243.03237323332903	     0.0
243.4140184590004	     0.0
243.79562165222762	     0.0
244.17718280977687	     0.0
244.5587019284142	     0.0
244.9401790049058	     0.0
245.3216140360178	     0.0
245.7030070185163	     0.0
246.08435794916744	     0.0
246.46566682473735	     0.0
246.84693364199225	     0.0
247.22815839769814	     0.0
247.60934108862122	     0.0
247.99048171152756	     0.0
248.37158026318343	     0.0
248.7526367403548	     0.0
249.1336511398079	     0.0
249.51462345830882	     0.0
249.89555369262374	     0.0
250.27644183951875	     0.0
250.65728789576	     0.0
251.0380918581136	     0.0
251.4188537233457	     0.0
251.79957348822242	     0.0
252.18025114950993	     0.0
252.5608867039743	     0.0
252.94148014838166	     0.0
253.32203147949824	     0.0
253.70254069409012	     0.0
254.08300778892337	     0.0
254.46343276076416	     0.0
254.84381560637866	     0.0
255.224156322533	     0.0
255.60445490599324	     0.0
255.98471135352554	     0.0
256.3649256618961	     0.0
256.745097827871	     0.0
257.1252278482163	     0.0
257.5053157196983	     0.0
257.885361439083	     0.0
258.2653650031366	     0.0
258.6453264086251	     0.0
259.0252456523148	     0.0
259.40512273097175	     0.0
259.78495764136215	     0.0
260.16475038025203	     0.0
260.54450094440756	     0.0
260.9242093305949	     0.0
261.3038755355802	     0.0
261.68349955612945	     0.0
262.06308138900897	     0.0
262.4426210309848	     0.0
262.8221184788231	     0.0
263.20157372929	     0.0
263.5809867791515	     0.0
263.96035762517386	     0.0
264.33968626412326	     0.0
264.7189726927658	     0.0
265.09821690786754	     0.0
265.47741890619466	     0.0
265.8565786845133	     0.0
266.2356962395896	     0.0
266.61477156818955	     0.0
266.9938046670795	     0.0
267.37279553302545	     0.0
267.7517441627935	     0.0
268.13065055314996	     0.0
268.5095147008608	     0.0
268.88833660269216	     0.0
269.2671162554104	     0.0
269.64585365578125	     0.0
270.0245488005711	     0.0
270.403201686546	     0.0
270.7818123104722	     0.0
271.1603806691158	     0.0
271.5389067592428	     0.0
271.9173905776194	     0.0
272.2958321210118	     0.0
272.6742313861861	     0.0
273.05258836990834	     0.0
273.4309030689447	     0.0
273.80917548006136	     0.0
274.1874056000245	     0.0
274.56559342560007	     0.0
274.9437389535544	     0.0
275.32184218065345	     0.0
275.69990310366353	     0.0
276.07792171935057	     0.0
276.4558980244808	     0.0
276.8338320158204	     0.0
277.21172369013544	     0.0
277.58957304419215	     0.0
277.9673800747566	     0.0
278.3451447785947	     0.0
278.72286715247304	     0.0
279.10054719315735	     0.0
279.47818489741394	     0.0
279.85578026200886	     0.0
280.23333328370836	     0.0
280.6108439592785	     0.0
280.98831228548545	     0.0
281.3657382590952	     0.0
281.7431218768741	     0.0
282.1204631355881	     0.0
282.4977620320035	     0.0
282.8750185628863	     0.0
283.25223272500256	     0.0
283.62940451511867	     0.0
284.00653393000056	     0.0
284.3836209664144	     0.0
284.76066562112635	     0.0
285.1376678909025	     0.0
285.514627772509	     0.0
285.89154526271204	     0.0
286.2684203582777	     0.0
286.64525305597203	     0.0
287.02204335256135	     0.0
287.39879124481166	     0.0
287.7754967294891	     0.0
288.1521598033599	     0.0
288.52878046319	     0.0
288.9053587057457	     0.0
289.28189452779304	     0.0
289.65838792609827	     0.0
290.0348388974274	     0.0
290.4112474385465	     0.0
290.78761354622196	     0.0
291.1639372172197	     0.0
291.54021844830595	     0.0
291.91645723624674	     0.0
292.29265357780827	     0.0
292.66880746975664	     0.0
293.0449189088581	     0.0
293.4209878918786	     0.0
293.7970144155844	     0.0
294.17299847674155	     0.0
294.5489400721163	     0.0
294.9248391984747	     0.0
295.30069585258275	     0.0
295.6765100312068	     0.0
296.05228173111294	     0.0
296.4280109490673	     0.0
296.8036976818359	     0.0
297.1793419261849	     0.0
297.5549436788806	     0.0
297.9305029366889	     0.0
298.3060196963761	     0.0
298.68149395470823	     0.0
299.0569257084515	     0.0
299.432314954372	     0.0
299.8076616892359	     0.0
300.18296590980924	     0.0
300.5582276128583	     0.0
300.93344679514905	     0.0
301.3086234534477	     0.0
301.6837575845204	     0.0
302.0588491851332	     0.0
302.4338982520523	     0.0
302.80890478204395	     0.0
303.1838687718741	     0.0
303.55879021830896	     0.0
303.93366911811455	     0.0
304.3085054680571	     0.0
304.6832992649027	     0.0
305.05805050541755	     0.0
305.43275918636783	     0.0
305.80742530451954	     0.0
306.18204885663886	     0.0
306.5566298394919	     0.0
306.93116824984486	     0.0
307.3056640844638	     0.0
307.6801173401148	     0.0
308.0545280135641	     0.0
308.4288961015779	     0.0
308.80322160092214	     0.0
309.1775045083631	     0.0
309.5517448206668	     0.0
309.92594253459947	     0.0
310.3000976469272	     0.0
310.67421015441613	     0.0
311.04828005383234	     0.0
311.422307341942	     0.0
311.7962920155112	     0.0
312.17023407130625	     0.0
312.5441335060931	     0.0
312.917990316638	     0.0
313.2918044997069	     0.0
313.66557605206606	     0.0
314.0393049704816	     0.0
314.41299125171963	     0.0
314.7866348925464	     0.0
315.1602358897279	     0.0
315.53379424003026	     0.0
315.9073099402197	     0.0
316.2807829870623	     0.0
316.65421337732425	     0.0
317.02760110777155	     0.0
317.4009461751704	     0.0
317.774248576287	     0.0
318.14750830788745	     0.0
318.52072536673785	     0.0
318.8938997496043	     0.0
319.267031453253	     0.0
319.6401204744501	     0.0
320.0131668099616	     0.0
320.38617045655377	     0.0
320.7591314109926	     0.0
321.1320496700444	     0.0
321.50492523047524	     0.0
321.8777580890512	     0.0
322.25054824253846	     0.0
322.6232956877031	     0.0
322.9960004213113	     0.0
323.36866244012907	     0.0
323.7412817409228	     0.0
324.11385832045835	     0.0
324.486392175502	     0.0
324.8588833028199	     0.0
325.23133169917804	     0.0
325.6037373613428	     0.0
325.97610028608	     0.0
326.348420470156	     0.0
326.7206979103368	     0.0
327.09293260338865	     0.0
327.46512454607756	     0.0
327.83727373516984	     0.0
328.20938016743145	     0.0
328.58144383962855	     0.0
328.9534647485274	     0.0
329.3254428908939	     0.0
329.69737826349433	     0.0
330.06927086309486	     0.0
330.44112068646155	     0.0
330.81292773036057	     0.0
331.184691991558	     0.0
331.55641346682006	     0.0
331.9280921529128	     0.0
332.29972804660235	     0.0
332.6713211446548	     0.0
333.0428714438365	     0.0
333.4143789409133	     0.0
333.7858436326515	     0.0
334.1572655158173	     0.0
334.52864458717664	     0.0
334.89998084349577	     0.0
335.2712742815408	     0.0
335.6425248980778	     0.0
336.01373268987294	     0.0
336.38489765369246	     0.0
336.7560197863023	     0.0
337.1270990844688	     0.0
337.4981355449579	     0.0
337.8691291645359	     0.0
338.2400799399688	     0.0
338.6109878680227	     0.0
338.98185294546386	     0.0
339.35267516905833	     0.0
339.72345453557233	     0.0
340.094191041772	     0.0
340.4648846844233	     0.0
340.83553546029253	     0.0
341.2061433661457	     0.0
341.576708398749	     0.0
341.9472305548686	     0.0
342.3177098312706	     0.0
342.6881462247211	     0.0
343.0585397319863	     0.0
343.4288903498323	     0.0
343.7991980750252	     0.0
344.1694629043311	     0.0
344.53968483451627	     0.0
344.9098638623467	     0.0
345.2799999845886	     0.0
345.65009319800805	     0.0
346.0201434993713	     0.0
346.39015088544437	     0.0
346.76011535299335	     0.0
347.13003689878457	     0.0
347.49991551958396	     0.0
347.86975121215767	     0.0
348.2395439732719	     0.0
348.6092937996928	     0.0
348.97900068818643	     0.0
349.348664635519	     0.0
349.7182856384566	     0.0
350.0878636937655	1.4898459433828335e-08
350.4573987982115	1.1242188260507242e-08
350.82689094856096	1.2451834050060946e-07
351.19634014158	-6.891223006523974e-08
351.5657463740347	-3.7680442749341745e-09
351.93510964269126	4.908351519160892e-08
352.3044299443158	1.539566168617136e-08
352.6737072756744	     0.0
353.04294163353325	9.557450136404854e-08
353.4121330146584	-1.1075335381167943e-07
353.7812814158161	-2.2542069203183244e-07
354.15038683377236	1.1638802698527279e-08
354.51944926529336	-2.4046039185351493e-08
354.88846870714525	1.6736671922947515e-07
355.25744515609415	2.4123451982608146e-08
355.62637860890624	2.5830704845042615e-07
355.9952690623475	1.5148269439988665e-07
356.3641165131843	-5.485392563967011e-08
356.73292095818255	-7.696671933273015e-09
357.1016823941085	-1.7218117816601648e-07
357.47040081772826	-1.0283003735292507e-07
357.8390762258079	1.1099915333475639e-07
358.2077086151136	1.1921745030905569e-07
358.5762979824115	-5.8200031106795964e-08
358.9448443244678	-9.867288282846736e-08
359.3133476380485	-1.891319157567539e-07
359.6818079199199	1.8660820448446044e-07
360.0502251668479	-3.3916075513858445e-08
360.4185993755987	1.1360343083295104e-07
360.78693054293865	-1.7454098603826556e-07
361.1552186656336	-5.760037714892796e-08
361.5234637404498	2.6914914281155228e-08
361.8916657641535	5.4388704793344356e-08
362.25982473351064	2.172899796006067e-07
362.6279406452875	4.194579033600257e-08
362.99601349625	9.094694724315181e-08
363.3640432831645	4.9353301493605285e-08
363.732030002797	-2.295282153824655e-08
364.0999736519137	2.6709559321567317e-08
364.4678742272807	8.705460324091454e-08
364.8357317256641	2.2600488152972113e-08
365.2035461438301	-1.1317407598452007e-08
365.57131747854487	1.1439353102406426e-07
365.9390457265744	5.629919609654422e-08
366.3067308846849	-1.815572971965922e-07
366.6743729496425	-3.039403789828228e-08
367.0419719182133	6.066284666302501e-08
367.4095277871634	8.946543175789185e-08
367.77704055325916	1.2687696607893044e-07
368.14451021326647	1.506886252639158e-08
368.5119367639515	1.4718513979739897e-08
368.87932020208046	4.392842953423661e-08
369.24666052441944	-7.208442304113028e-09
369.61395772773454	1.1672217994780802e-07
369.9812118087919	-3.6503413220311558e-09
370.34842276435774	-2.545391919648415e-08
370.71559059119807	1.4614311810121545e-08
371.0827152860792	-8.01855931412883e-08
371.449796845767	1.089326057155759e-07
371.81683526702784	-1.420280704622022e-07
372.1838305466277	1.2788224283640929e-07
372.5507826813327	-5.096745700354486e-08
372.91769166790914	1.0871038317610618e-08
373.284557503123	6.897498060095122e-08
373.6513801837404	-4.326872997911041e-08
374.0181597065277	1.0782887332776201e-08
374.3848960682508	-2.8426592861498493e-08
374.7515892656759	6.168633151622322e-08
375.118239295569	-5.737875349792406e-08
375.4848461546965	3.590617192868437e-08
375.8514098398243	1.8300172988071035e-07
376.21793034771866	7.955565667331191e-08
376.5844076751457	-1.17611146866017e-07
376.95084181887154	3.578964287442605e-08
377.3172327756623	-1.4290885384345738e-08
377.68358054228406	-8.138336852240248e-08
378.04988511550306	1.05629942328237e-08
378.4161464920854	1.2414806173193829e-07
378.7823646687971	-4.95527709554681e-08
379.14853964240433	-3.5630460687189872e-09
379.5146714096733	-8.738049525459849e-08
379.88075996737024	-1.7531284332006235e-08
380.2468053122611	2.4776834287201546e-08
380.612807441112	-4.5722975802831016e-08
380.9787663506892	     0.0
381.3446820377588	-5.9106966067588845e-08
381.7105544990868	1.7477403269366348e-08
382.0763837314395	-8.75867064416818e-08
382.4421697315829	-6.961162001942876e-08
382.8079124962832	8.596855824447359e-08
383.17361202230666	1.5991687099677264e-07
383.53926830641916	1.6703470239552578e-07
383.904881345387	     0.0
384.27045113597626	     0.0
384.63597767495304	-7.50861331060008e-08
385.00146095908354	1.290807074301341e-07
385.36690098513384	4.762629342762475e-08
385.7322977498701	8.109534511367638e-08
386.0976512500584	8.708359243955056e-08
386.46296148246495	2.632145325552575e-07
386.8282284438559	-4.407159199204615e-08
387.1934521309973	-5.056165713211525e-08
387.5586325406553	-6.638407976237948e-08
387.92376966959597	-2.339452479009444e-08
388.2888635145856	1.1056665345626944e-07
388.6539140723902	9.896867269941744e-08
389.0189213397759	1.5482149507098743e-07
389.383885313509	-8.549450125561033e-08
389.74880599035544	-6.529269651684406e-08
390.11368336708136	2.9207121231162882e-08
390.478517440453	-3.926876948221108e-08
390.84330820723636	-1.0737058816996251e-07
391.20805566419773	1.530534821298064e-07
391.57275980810306	9.679926745361797e-09
391.9374206357187	     0.0
392.30203814381065	3.204039713433834e-08
392.66661232914504	-4.750433035467705e-08
393.031143188488	4.100466894184188e-08
393.3956307186057	-5.361232168584291e-08
393.7600749162642	-1.0733174011776231e-07
394.1244757782297	-2.7879048277230915e-08
394.4888333012683	-1.8463265666937602e-08
394.8531474821462	4.3209295051681727e-08
395.2174183176294	9.221111702458527e-08
395.58164580448425	-1.8331385269942545e-08
395.94582993947665	-1.5289263072005424e-08
396.3099707193728	2.1255271120391087e-08
396.6740681409389	2.3826237855318495e-08
397.038122200941	5.6408173553053755e-08
397.4021328961453	6.231711970783068e-08
397.7661002233179	-1.3041703900785637e-07
398.1300241792249	3.2202301950171986e-08
398.4939047606325	-2.936844266018062e-08
398.8577419643068	7.871806967944916e-08
399.221535787014	1.5449258774959246e-07
399.58528622552006	2.9021533132951066e-08
399.9489932765912	1.3837258915812221e-07
400.31265693699356	-3.4540188252512735e-08
400.6762772034933	7.42114096316105e-08
401.03985407285654	4.523378718136274e-08
401.4033875418494	     0.0
401.766877607238	-7.895013152397802e-08
402.1303242657885	-1.4481753390350743e-07
402.49372751426705	-6.063941786759536e-08
402.85708734943967	7.630123476989963e-08
403.2204037680726	6.219783288465369e-08
403.5836767669319	1.3835330167360732e-07
403.9469063427838	1.1201689850834687e-07
404.3100924923943	4.801423044683292e-08
404.67323521252973	-7.931619439019283e-09
405.03633449995596	-5.75806378150376e-08
405.39939035143937	4.676590029763943e-08
405.76240276374597	-5.397719741359074e-08
406.1253717336418	5.1619033108635755e-09
406.48829725789324	7.59982447599052e-09
406.85117933326615	-2.5491456538049873e-09
407.2140179565268	-1.7456980552238855e-08
407.5768131244414	1.7359756670044307e-08
407.93956483377593	-4.666149802326609e-08
408.3022730812966	-2.2023752745563628e-08
408.6649378637695	1.202574530839855e-07
409.0275591779608	7.179568510858392e-09
409.39013702063664	9.837415937656538e-08
409.7526713885631	4.765784869635507e-09
410.1151622785064	-9.616131402280603e-08
410.47760968723253	-9.359918188560274e-09
410.8400136115078	9.228480818039038e-09
411.2023740480982	-6.017779325919641e-08
411.56469099377	3.4339743128449895e-08
411.9269644452891	6.546371607306965e-08
412.28919439942183	-2.028979113066623e-08
412.6513808529342	7.864227054165893e-08
413.0135238025925	5.3377679455023787e-08
413.3756232451627	-2.42809758288779e-08
413.7376791774111	4.8272386489632286e-08
414.09969159610364	-1.1128458919234996e-07
414.46166049800667	-8.056249339699483e-08
414.8235858798861	-4.3169131432743845e-08
415.1854677385081	3.8662348471814025e-08
415.5473060706389	-1.9282316178536104e-08
415.9091008730446	6.343456749530699e-09
416.2708521424913	7.670682753399025e-08
416.6325598757453	8.855115737591158e-08
416.9942240695725	1.0532319690002539e-08
417.3558447207391	9.018886751272636e-08
417.7174218260113	2.0805610441908943e-08
418.07895538215513	-1.2409212150525633e-08
418.44044538593675	3.964173470826851e-08
418.80189183412233	4.096129785684393e-09
419.163294723478	-4.510377631732833e-08
419.52465405076987	2.671748492844149e-08
419.88596981276413	-3.247366272507108e-08
420.2472420062268	2.856567467184242e-08
420.60847062792413	-4.3032322331840074e-08
420.96965567462223	-4.2650146490846304e-08
421.33079714308707	6.062179792829165e-08
421.691895030085	6.220278169472969e-08
422.05294933238207	1.610948055384522e-08
422.4139600467444	1.0079415462195588e-08
422.7749271699381	2.9989888115321084e-08
423.1358506987293	-4.5957271393087844e-08
423.49673062988427	3.000217933356464e-08
423.857566960169	2.394947366126898e-08
424.2183596863496	-3.968896676594163e-08
424.5791088051922	-8.157507481438765e-08
424.9398143134631	-1.5987806226045097e-08
425.30047620792834	-1.9990135555359398e-08
425.6610944853539	3.94705265046252e-09
426.02166914250614	-1.5778049353152828e-08
426.38220017615106	8.416912468105747e-08
426.7426875830548	-2.5571544262922123e-08
427.10313135998365	2.3342102677325553e-08
427.46353150370345	-3.337555445228946e-08
427.8238880109805	2.13748126309627e-08
428.184200878581	-4.106136863001777e-08
428.54447010327107	6.245435587798062e-08
428.90469568181663	2.925943385519908e-08
429.26487761098406	1.131942811285986e-07
429.62501588753935	1.0658171813938258e-07
429.98511050824874	1.1569672431422486e-08
430.3451614698782	-1.34142924359377e-08
430.7051687691939	7.719376765703946e-09
431.0651324029622	-2.1199126131325057e-08
431.425052367949	6.698333385989234e-08
431.7849286609204	-1.3313809264879224e-08
432.1447612786427	-9.708752870708676e-08
432.50455021788196	-5.720603703151475e-09
432.86429547540433	-3.411386586902936e-08
433.2239970479759	-1.600221563984505e-07
433.5836549323628	-2.08206976233238e-08
433.94326912533114	-1.3118145464400208e-08
434.30283962364723	-3.3840113390284436e-08
434.66236642407694	6.864833495968056e-08
435.02184952338655	7.477115391103727e-09
435.3812889183422	6.742506220960735e-08
435.74068460571	-6.887321680163624e-08
436.10003658225605	9.317074915275985e-08
436.4593448447465	-3.151999817398623e-08
436.8186093899475	3.8705479950788784e-08
437.17783021462515	7.700703238843465e-08
437.5370073155457	-3.669351504897236e-09
437.8961406894751	4.390117069192949e-08
438.2552303331795	8.547639049430363e-08
438.6142762434252	-1.0015290792718859e-07
438.97327841697825	2.1849069119937283e-08
439.33223685060466	5.437772291787702e-09
439.6911515410707	-5.2336038115417535e-08
440.0500224851425	7.223946298698918e-09
440.4088496795861	9.374090741044305e-08
440.76763312116776	-1.8120724438830497e-09
441.1263728066535	-5.003359359656905e-08
441.48506873280945	-7.560483340330407e-08
441.84372089640186	1.433157353937369e-07
442.2023292941967	2.4838476692094296e-08
442.56089392296025	-2.8325900097937066e-08
442.9194147794586	-3.565083245333678e-08
443.27789186045777	-2.4850579758795563e-08
443.63632516272406	-1.4210113052556865e-08
443.9947146830235	-1.3306054332506685e-07
444.3530604181222	-5.557404091215433e-08
444.7113623647864	8.321338895471283e-08
445.0696205197822	-1.7656366556371646e-09
445.4278348798756	     0.0
445.78600544183286	6.150332750705326e-08
446.1441322024201	-5.6506715400906216e-08
446.5022151584035	-8.782545617452208e-09
446.86025430654905	-6.176887976147104e-08
447.218249643623	-7.722883282296054e-08
447.5762011663914	2.988803250906947e-08
447.9341088716205	4.045990475081509e-08
448.29197275607623	1.5833855629662493e-08
448.649792816525	2.4788465972483334e-08
449.0075690497327	-3.6663961169289945e-08
449.3653014524656	8.79100675630006e-09
449.72299002148975	-2.6383097474012832e-08
450.0806347535713	4.1698771707199505e-08
450.43823564547637	-6.103305762202551e-08
450.7957926939712	7.511989746871277e-08
451.1533058958218	1.7421885581250858e-08
451.5107752477943	3.467548156421474e-08
451.8682007466549	-4.194517952826381e-08
452.22558238916974	6.978703852478132e-08
452.58292017210493	5.0776104632711097e-08
452.94021409222654	8.898039928983695e-08
453.29746414630074	9.094477349402852e-08
453.6546703310937	2.6216811107587748e-08
454.0118326433716	-5.014949110701289e-08
454.3689510799004	     0.0
454.72602563744636	2.7777455845102805e-08
455.0830563127755	-5.504354095977565e-08
455.4400431026542	-5.415266119014795e-08
455.7969860038483	3.130523330876156e-08
456.1538850131241	1.7291867790041461e-09
456.51074012724763	1.1306206605812431e-07
456.8675513429852	1.7288509025815403e-09
457.22431865710274	8.685969935371756e-09
457.5810420663665	2.734652239475899e-08
457.9377215675425	6.397141792059142e-08
458.29435715739703	-3.782262366387953e-08
458.65094883269603	1.877660285010447e-08
459.00749659020585	-1.5395383934350794e-08
459.3640004266924	-8.413177108946936e-08
459.72046033892207	4.749741205855063e-08
460.07687632366077	5.093109679122909e-09
460.4332483776747	1.2794933171225009e-07
460.78957649772997	6.840479418082245e-08
461.14586068059276	-9.539932380388027e-08
461.5021009230293	1.0128506869001319e-07
461.85829722180546	9.709157157819201e-08
462.2144495736876	7.193952385708925e-08
462.5705579754417	3.6673518434623696e-08
462.92662242383403	2.8477783596151958e-08
463.2826429156306	-6.759891654423231e-09
463.6386194475976	-2.3392224755365686e-08
463.99455201650113	3.002685415101595e-08
464.3504406191074	-1.1172870440542138e-07
464.7062852521825	5.122935697610384e-08
465.06208591249253	-1.1561224483035122e-08
465.41784259680367	-3.938937204891656e-08
465.77355530188197	-6.503896936415897e-09
466.1292240244937	2.9074213447101383e-08
466.48484876140475	4.878626668655981e-09
466.8404295093815	3.0666786982726445e-08
467.1959662651901	-2.914456616170489e-08
467.55145902559644	-1.9370513006782142e-08
467.90690778736683	3.177137026926168e-08
468.2623125472673	3.5145191884884434e-08
468.61767330206413	     0.0
468.97299004852334	4.657093435328593e-09
469.32826278341105	-9.716826279429145e-08
469.6834915034934	8.803408856778295e-08
470.0386762055366	1.5468330977161556e-08
470.3938168863068	7.615459102175364e-09
470.74891354256994	-4.439194258561004e-08
471.1039661710923	3.0215957261506507e-09
471.45897476863996	5.0875241297681244e-08
471.81393933197916	1.0461525825800824e-08
472.16885985787593	3.077977111931696e-08
472.52373634309635	-1.0286543329895326e-08
472.87856878440664	-3.3461775470657473e-08
473.23335717857293	1.4497646049641598e-08
473.58810152236134	-7.157163997454445e-08
473.942801812538	6.506825400276297e-08
474.29745804586906	6.821305897106851e-08
474.6520702191206	9.55823289976075e-08
475.0066383290588	8.219872450060225e-09
475.3611623724497	6.60135581928309e-08
475.71564234605955	-8.031407419934975e-09
476.07007824665453	1.595948311932727e-08
476.4244700710006	4.905089636525114e-08
476.77881781586393	-3.9306888306727346e-09
477.13312147801076	2.5038693919011625e-08
477.4873810542071	-3.857514900504567e-09
477.84159654121925	8.013724446653694e-08
478.1957679358131	8.754164307471887e-09
478.54989523475496	6.066573165423067e-08
478.9039784348109	1.2261086273734103e-08
479.2580175327471	1.7240752535116918e-08
479.61201252532965	5.7962597259988685e-08
479.9659634093246	7.645225281631534e-08
480.3198701814983	4.9106082096229424e-08
480.6737328386167	1.9688606128638853e-08
481.02755137744595	-2.0653673678568205e-08
481.38132579475223	-3.2939064033428865e-08
481.73505608730164	2.6560664674014948e-08
482.0887422518604	7.325732753625571e-08
482.4423842851945	7.878640004672435e-08
482.79598218407017	1.8406678889435295e-08
483.1495359452535	4.4461136974559376e-08
483.5030455655107	1.886248668464277e-08
483.85651104160775	5.836723986141329e-08
484.2099323703109	9.454256375604994e-08
484.56330954838626	6.004420768245658e-08
484.9166425725999	7.50210256301696e-08
485.26993143971816	2.6736435749031737e-08
485.62317614650686	5.377048946673285e-08
485.9763766897324	4.4710679833892246e-08
486.3295330661607	3.766383128529706e-08
486.68264527255803	2.656530320370191e-08
487.0357133056905	9.782271943214104e-08
487.38873716232416	8.1544428544954e-08
487.74171683922526	3.3886679090840966e-08
488.09465233315996	3.988011154063253e-08
488.44754364089425	8.851271737767966e-08
488.8003907591943	6.95170642314257e-08
489.15319368482625	9.101254325492804e-08
489.50595241455625	5.740468234060255e-08
489.85866694515045	1.0007280864819667e-07
490.21133727337497	7.542121693676475e-08
490.5639633959959	1.1037598979361367e-07
490.91654530977945	6.372791763743694e-08
491.26908301149166	1.1911576905936915e-07
491.6215764978988	9.557392323289864e-08
491.9740257657668	1.282811463413618e-07
492.32643081186194	1.1056482681581675e-07
492.6787916329503	1.719574316395415e-07
493.03110822579805	1.0571931724255877e-07
493.3833805871713	1.491080549710934e-07
493.7356087138361	1.4997048744767346e-07
494.0877926025588	1.4125638083159512e-07
494.4399322501053	1.4125839193588805e-07
494.7920276532418	1.8616941115911933e-07
495.14407880873455	1.8408633986720812e-07
495.49608571334954	2.068397148938e-07
495.8480483638529	2.1061552956736315e-07
496.19996675701094	2.1327648864955704e-07
496.5518408895895	2.051460565933748e-07
496.90367075835496	2.2735652094315808e-07
497.25545636007337	2.2954476839088608e-07
497.6071976915108	2.6276696926737403e-07
497.9588947494335	2.750737904828487e-07
498.31054753060766	2.39477286537276e-07
498.6621560317991	2.960995432074309e-07
499.0137202497743	2.970056889863698e-07
499.36524018129904	2.707499261006935e-07
499.71671582313996	3.173763066925403e-07
500.0681471720626	2.9442484771903083e-07
500.41953422483346	3.5104848393576564e-07
500.77087697821855	3.3852642458392053e-07
501.12217542898406	3.712463415754332e-07
501.4734295738961	3.6036430903855704e-07
501.8246394097208	3.7076073201607e-07
502.1758049332243	3.9614612816126316e-07
502.52692614117274	4.040212740524992e-07
502.8780030303322	4.0780238093707254e-07
503.22903559746885	4.32839618457012e-07
503.5800238393488	4.592775783924143e-07
503.93096775273824	4.6901250648799657e-07
504.2818673344034	5.199543702479886e-07
504.6327225811101	5.197938645348501e-07
504.9835334896247	4.7317110331837493e-07
505.33430005671323	5.55737377940994e-07
505.685022279142	5.67557730929803e-07
506.035700153677	5.913861206629782e-07
506.3863336770842	5.77024660160885e-07
506.73692284613	5.979719389458807e-07
507.0874676575805	5.826087108312186e-07
507.43796810820163	5.956101550683319e-07
507.7884241947598	6.398774402088196e-07
508.1388359140209	6.141341262660817e-07
508.4892032627512	6.334726757101107e-07
508.8395262377168	6.109665493006569e-07
509.1898048356838	6.567580934347337e-07
509.5400390534184	7.013785313247204e-07
509.8902288876867	6.965018625114254e-07
510.2403743352549	7.194289129702737e-07
510.59047539288895	7.108687197762524e-07
510.94053205735503	7.688229054957258e-07
511.29054432541943	7.118284361651604e-07
511.6405121938482	7.613238638447595e-07
511.9904356594074	8.020533530055179e-07
512.3403147188633	7.571562882828495e-07
512.6901493689819	8.028775674443594e-07
513.0399396065293	7.895587513168683e-07
513.3896854282717	8.745440069399601e-07
513.7393868309754	8.192628212384932e-07
514.0890438114062	8.123382868767747e-07
514.4386563663304	7.954775795822713e-07
514.7882244925142	8.246778028286583e-07
515.1377481867238	8.003307063328024e-07
515.4872274457251	8.609231813547553e-07
515.8366622662844	8.271928932991979e-07
516.1860526451677	8.477870864625107e-07
516.5353985791412	8.249829380777192e-07
516.884700064971	8.579935980715968e-07
517.2339570994234	8.660447108627634e-07
517.5831696792643	8.653824116961776e-07
517.9323378012598	8.81509351178479e-07
518.2814614621763	8.708568185086028e-07
518.6305406587796	8.84217833534276e-07
518.9795753878362	8.871013153652827e-07
519.328565646112	9.180760558134312e-07
519.6775114303733	8.903762678459885e-07
520.026412737386	8.556577373097861e-07
520.3752695639163	8.731080501966019e-07
520.7240819067305	8.830097382401063e-07
521.0728497625944	8.767880044871465e-07
521.4215731282745	8.584032306102816e-07
521.770252000537	8.835837029413707e-07
522.1188863761475	8.592540354444284e-07
522.4674762518724	8.362471522388708e-07
522.8160216244781	8.885494736336354e-07
523.1645224907304	8.77728878576006e-07
523.5129788473956	8.836920887559297e-07
523.8613906912395	8.987889027988455e-07
524.2097580190289	8.757112357415707e-07
524.5580808275292	8.489690686300741e-07
524.9063591135069	8.272610667995363e-07
525.2545928737281	8.393736773901941e-07
525.6027821049591	8.256167171179504e-07
525.9509268039657	8.557953175982291e-07
526.2990269675142	8.290206178839641e-07
526.6470825923707	8.016236207910255e-07
526.9950936753015	8.583130359774452e-07
527.3430602130725	8.26018479639375e-07
527.69098220245	8.427981270616589e-07
528.0388596401998	7.98169372534701e-07
528.3866925230885	8.39192363087718e-07
528.7344808478819	8.093508595972735e-07
529.0822246113464	7.97944900130357e-07
529.4299238102479	7.928339527935768e-07
529.7775784413525	8.031050032958018e-07
530.1251885014265	7.564360185688892e-07
530.4727539872359	8.296771267367983e-07
530.8202748955471	7.852600586315565e-07
531.1677512231257	8.197122863138484e-07
531.5151829667385	7.811595897614047e-07
531.862570123151	7.660670870648405e-07
532.2099126891299	7.505769884585899e-07
532.557210661441	7.620679562679488e-07
532.9044640368504	7.492760276558735e-07
533.2516728121245	7.425219155882552e-07
533.5988369840292	7.654538411237132e-07
533.9459565493305	7.241997879312939e-07
534.2930315047948	7.016565987739415e-07
534.6400618471882	6.79976578738028e-07
534.9870475732769	7.244391005252691e-07
535.3339886798267	7.240058425913701e-07
535.6808851636041	7.172062924098074e-07
536.0277370213751	7.519095358692195e-07
536.3745442499055	7.11655632986723e-07
536.7213068459621	7.121560535469134e-07
537.0680248063105	7.371508569166262e-07
537.414698127717	7.085465391581565e-07
537.7613268069479	6.989963249040707e-07
538.107910840769	6.990540161817369e-07
538.4544502259466	7.223759277951125e-07
538.800944959247	6.762293631455823e-07
539.1473950374361	6.802837830922103e-07
539.49380045728	7.150409331298499e-07
539.840161215545	7.233440294847324e-07
540.1864773089972	6.939761351146266e-07
540.5327487344026	7.82024890907879e-07
540.8789754885275	6.866389032239632e-07
541.2251575681379	7.188518167178236e-07
541.57129497	7.037643569023313e-07
541.91738769088	6.744158628608087e-07
542.2634357275439	6.888188040589482e-07
542.6094390767578	7.090324637582346e-07
542.955397735288	6.729467776392215e-07
543.3013116999005	6.607319365062154e-07
543.6471809673614	7.01739473834707e-07
543.9930055344371	6.975251826396249e-07
544.3387853978934	6.722897501964539e-07
544.6845205544967	6.523395358123529e-07
545.030211001013	6.778050477346644e-07
545.3758567342084	6.96951267213905e-07
545.721457750849	6.592941961170298e-07
546.067014047701	6.835404411778878e-07
546.4125256215307	6.803564764902072e-07
546.757992469104	6.755667166547998e-07
547.103414587187	6.962003798988633e-07
547.448791972546	6.500283094260722e-07
547.7941246219469	6.604127091164114e-07
548.1394125321563	6.810222965884886e-07
548.4846556999398	6.649173628310489e-07
548.8298541220638	6.886673972094936e-07
549.1750077952943	6.655394816399253e-07
549.5201167163976	7.175971118785146e-07
549.8651808821398	6.729009871165154e-07
550.210200289287	6.990571866684492e-07
550.5551749346052	6.751117604453326e-07
550.9001048148608	6.736930990204748e-07
551.2449899268197	6.742937643263948e-07
551.5898302672481	6.462385252777687e-07
551.9346258329122	6.577940971064335e-07
552.2793766205781	6.82783674424485e-07
552.6240826270117	6.818677140502478e-07
552.9687438489796	6.375223067034707e-07
553.3133602832474	6.693620111710625e-07
553.6579319265817	6.226445654082811e-07
554.0024587757484	6.868205683188827e-07
554.3469408275137	6.961969379372415e-07
554.6913780786435	6.70531057321524e-07
555.0357705259044	6.916691554327535e-07
555.3801181660621	6.752579068069801e-07
555.7244209958828	6.708181511354093e-07
556.0686790121329	6.16395367491677e-07
556.4128922115783	6.304618185992349e-07
556.7570605909852	6.262547808758015e-07
557.1011841471197	6.462661658597978e-07
557.445262876748	6.513246606253963e-07
557.7892967766363	6.763744894276171e-07
558.1332858435504	6.415209226567349e-07
558.4772300742567	6.224210731834856e-07
558.8211294655213	6.256277955618001e-07
559.1649840141102	6.49057318846135e-07
559.5087937167898	6.544626162839313e-07
559.852558570326	6.139648587937984e-07
560.196278571485	6.45343115392648e-07
560.539953717033	6.380882125345256e-07
560.883584003736	6.341558427088742e-07
561.2271694283602	6.719870327152879e-07
561.5707099876718	6.077850802609633e-07
561.9142056784367	6.047944873071631e-07
562.2576564974215	6.293255769893003e-07
562.601062441392	6.461849685767324e-07
562.9444235071142	6.48077247796479e-07
563.2877396913543	6.096199024958183e-07
563.6310109908787	6.527414967951404e-07
563.9742374024534	6.365777270667707e-07
564.3174189228442	6.126154158043603e-07
564.6605555488178	5.902557018884575e-07
565.0036472771399	6.067546567038288e-07
565.3466941045768	6.189989057187459e-07
565.6896960278947	5.79002113146791e-07
566.0326530438596	6.239233516910634e-07
566.3755651492377	6.402054167688824e-07
566.7184323407951	5.716762703908481e-07
567.0612546152978	5.956980416177198e-07
567.4040319695123	5.682342585363102e-07
567.7467644002044	5.584957694475534e-07
568.0894519041404	5.688492113164046e-07
568.4320944780864	5.858230084787514e-07
568.7746921188084	6.228202092793359e-07
569.1172448230726	6.050584439215953e-07
569.4597525876453	6.038359343386683e-07
569.8022154092924	5.614375551621312e-07
570.1446332847802	5.85507709905276e-07
570.4870062108747	5.907532405526597e-07
570.8293341843421	6.027882163770671e-07
571.1716172019485	5.81184123673242e-07
571.5138552604601	5.739404990167832e-07
571.8560483566429	5.692852491092173e-07
572.1981964872632	5.637118604517636e-07
572.540299649087	5.508200441526137e-07
572.8823578388806	5.936682587878113e-07
573.2243710534099	5.829798034654543e-07
573.5663392894414	5.294789969863238e-07
573.9082625437408	5.115725550242664e-07
574.2501408130743	5.392947273063841e-07
574.5919740942082	5.089007690288898e-07
574.9337623839086	5.548661057020635e-07
575.2755056789417	5.59624533282985e-07
575.6172039760735	5.425141699384295e-07
575.9588572720701	5.10763751300847e-07
576.3004655636976	4.675259834051654e-07
576.6420288477224	5.24316471034256e-07
576.9835471209104	4.84855069196666e-07
577.3250203800278	4.559008808905743e-07
577.6664486218408	4.997267402745242e-07
578.0078318431154	4.8335608338897e-07
578.3491700406177	5.45870605539996e-07
578.6904632111141	5.008554385621991e-07
579.0317113513704	5.26205086803205e-07
579.3729144581531	4.832773981932683e-07
579.714072528228	5.047820990794753e-07
580.0551855583612	5.160790955984576e-07
580.3962535453193	4.766720468336333e-07
580.737276485868	4.930699163634076e-07
581.0782543767734	5.33267857260641e-07
581.4191872148019	5.068557886885564e-07
581.7600749967195	4.880855566940852e-07
582.1009177192923	4.535688081715234e-07
582.4417153792865	5.187025926730151e-07
582.7824679734681	4.98258839220118e-07
583.1231754986035	4.4463484161806884e-07
583.4638379514586	4.478265243890985e-07
583.8044553287997	4.5265300307416844e-07
584.1450276273927	4.219564927453965e-07
584.4855548440038	4.545775789695294e-07
584.8260369753993	4.848871481886983e-07
585.1664740183453	4.9681884580387e-07
585.5068659696079	4.438461236937636e-07
585.8472128259531	4.4438953999947484e-07
586.187514584147	5.040779930759876e-07
586.5277712409561	4.323738620700055e-07
586.8679827931462	4.6584674513100127e-07
587.2081492374834	5.06334592658222e-07
587.5482705707341	4.4193917433124427e-07
587.8883467896642	4.5027727189446095e-07
588.2283778910399	4.220070861336967e-07
588.5683638716274	4.2776390889573216e-07
588.9083047281928	4.367651743624544e-07
589.2482004575021	4.27212830976052e-07
589.5880510563215	4.405901844354742e-07
589.9278565214174	4.661577248611999e-07
590.2676168495556	4.338465338272494e-07
590.6073320375024	4.106699179594699e-07
590.9470020820239	4.0293217487316907e-07
591.286626979886	4.3217527222273986e-07
591.6262067278551	4.345283687536834e-07
591.9657413226973	4.292700832621198e-07
592.3052307611789	3.991531432814663e-07
592.6446750400656	4.3854838366774273e-07
592.9840741561238	3.830684744324552e-07
593.3234281061195	3.9149403921207953e-07
593.6627368868191	4.5772681158223063e-07
594.0020004949885	3.918246525873632e-07
594.3412189273937	3.9417338280571275e-07
594.6803921808013	4.0842217204361186e-07
595.019520251977	4.2687554978937597e-07
595.358603137687	4.3527677564187703e-07
595.6976408346977	3.8106241413706313e-07
596.0366333397749	4.2937708810429635e-07
596.3755806496852	3.432208471321803e-07
596.7144827611942	3.77995997234267e-07
597.0533396710681	3.593517533853805e-07
597.3921513760733	3.9273665656028074e-07
597.7309178729757	4.0756630736595676e-07
598.0696391585418	4.057850214825219e-07
598.4083152295373	4.3527045967606557e-07
598.7469460827285	3.540746830859765e-07
599.0855317148815	3.7262963739353985e-07
599.4240721227625	3.317344810852044e-07
599.7625673031376	3.9779637818151235e-07
600.101017252773	3.5832770741215e-07
600.4394219684345	3.78527669993941e-07
600.7777814468889	3.9266998314124907e-07
601.1160956849016	3.7731287193727983e-07
601.4543646792391	3.530686209967322e-07
601.7925884266676	3.679001838856721e-07
602.1307669239532	3.8398250207515077e-07
602.4689001678619	3.2871844714893203e-07
602.8069881551597	3.6628234435310347e-07
603.145030882613	3.373350155233235e-07
603.483028346988	3.825494903743134e-07
603.8209805450505	3.435542797564081e-07
604.1588874735669	3.583611667523268e-07
604.4967491293032	3.066783899945821e-07
604.8345655090257	3.9299260294044516e-07
605.1723366095001	3.4111397060126164e-07
605.510062427493	3.976123222655431e-07
605.8477429597705	3.1448258162656175e-07
606.1853782030985	3.810349360396275e-07
606.5229681542432	3.0093775903533167e-07
606.8605128099708	3.3744169502428125e-07
607.1980121670473	3.25149570843999e-07
607.535466222239	2.9018025386990266e-07
607.8728749723122	3.4097562501824846e-07
608.2102384140325	3.07248787985019e-07
608.5475565441665	2.905091241074625e-07
608.88482935948	3.1786841295575474e-07
609.2220568567394	3.7944306883675905e-07
609.5592390327107	3.311216428401703e-07
609.8963758841601	3.3757417811176863e-07
610.2334674078536	2.798226720316849e-07
610.5705136005573	3.3566882110051793e-07
610.9075144590375	2.667715662233754e-07
611.2444699800604	3.410395362628758e-07
611.5813801603921	2.8591771765722524e-07
611.9182449967984	3.103507698284421e-07
612.2550644860457	3.0340990399747464e-07
612.5918386249002	2.64146662303447e-07
612.928567410128	2.921350979265461e-07
613.2652508384951	3.305319694972674e-07
613.6018889067677	3.383083274705047e-07
613.938481611712	2.2449317801808961e-07
614.275028950094	3.2612590556508616e-07
614.6115309186798	2.973017973402583e-07
614.9479875142358	3.3127116218035524e-07
615.284398733528	2.412119252317032e-07
615.6207645733224	3.2950770624168844e-07
615.9570850303851	2.6068756987348124e-07
616.2933601014826	3.050636034798263e-07
616.6295897833805	2.4256778579148267e-07
616.9657740728454	3.199704312089316e-07
617.3019129666433	3.0056746920277723e-07
617.6380064615402	2.7383734031236e-07
617.9740545543023	2.6155866124827826e-07
618.3100572416956	2.6210968990656474e-07
618.6460145204867	2.6780746514544083e-07
618.9819263874413	2.5348681655291136e-07
619.3177928393256	2.2830011325204798e-07
619.6536138729058	2.771443865800306e-07
619.9893894849479	3.0132525987214966e-07
620.3251196722183	3.3393631387245495e-07
620.6608044314829	3.46796103079171e-07
620.996443759508	2.2121780280736934e-07
621.3320376530595	2.492054947786563e-07
621.6675861089037	2.793109711627562e-07
622.0030891238067	2.7796364850871537e-07
622.3385466945347	2.712336805860125e-07
622.6739588178535	2.9296694815813264e-07
623.0093254905297	2.50005977185455e-07
623.3446467093291	2.9152927239413044e-07
623.6799224710181	2.551822587573072e-07
624.0151527723627	1.9886935345246088e-07
624.350337610129	2.1374762957309322e-07
624.6854769810832	2.3157824801546651e-07
625.0205708819914	2.6297800444274974e-07
625.3556193096194	2.1408217449761155e-07
625.690622260734	2.6514026863837175e-07
626.0255797321009	2.359198757194514e-07
626.3604917204863	2.490734640619815e-07
626.6953582226563	2.849695471539872e-07
627.030179235377	2.163701146260112e-07
627.3649547554147	2.2252824314927532e-07
627.6996847795355	2.493339556280741e-07
628.0343693045054	2.0665909892788747e-07
628.3690083270906	2.6684575756873646e-07
628.7036018440572	2.057379262354952e-07
629.0381498521714	2.089751266752642e-07
629.3726523481993	2.425238505861425e-07
629.707109328907	2.418184828325365e-07
630.0415207910606	2.252772512448073e-07
630.3758867314266	2.275795358976073e-07
630.7102071467705	2.429770994219598e-07
631.0444820338589	2.002438795818922e-07
631.3787113894577	2.543916666203899e-07
631.7128952103333	2.584719322587927e-07
632.0470334932514	2.3273615249811093e-07
632.3811262349786	2.021647997736793e-07
632.7151734322807	2.3122026487232433e-07
633.049175081924	1.726368712059123e-07
633.3831311806745	2.1312101771224018e-07
633.7170417252985	1.553051249250149e-07
634.050906712562	1.8876947328515672e-07
634.3847261392311	2.3773949494654537e-07
634.7185000020721	1.7639445759450545e-07
635.052228297851	2.0577126195914638e-07
635.3859110233341	1.722184930556888e-07
635.7195481752873	1.9292059167039533e-07
636.0531397504768	2.127493789531637e-07
636.3866857456688	1.2782974284401546e-07
636.7201861576294	1.5152213592138305e-07
637.0536409831248	1.9498900913212547e-07
637.3870502189211	1.5398472232794838e-07
637.7204138617842	1.8319574063523173e-07
638.0537319084805	1.8603511995221953e-07
638.3870043557761	1.9081266068505406e-07
638.720231200437	1.9728799707845301e-07
639.0534124392294	1.8863936997832852e-07
639.3865480689195	1.8510451347185452e-07
639.7196380862734	1.9080889221614206e-07
640.0526824880573	1.7324368062986624e-07
640.3856812710372	1.7812234042386564e-07
640.7186344319792	1.9034464277596503e-07
641.0515419676495	1.9229332811630491e-07
641.3844038748146	1.8382986373564902e-07
641.7172201502399	1.0644268714664152e-07
642.0499907906918	1.2074695236201047e-07
642.3827157929368	1.583739764258927e-07
642.7153951537408	1.7317682457312143e-07
643.0480288698698	1.7626150226141492e-07
643.38061693809	1.8676161636538243e-07
643.7131593551677	1.7382623954326505e-07
644.0456561178687	1.6981513354468008e-07
644.3781072229594	1.895754908658578e-07
644.7105126672059	1.1212784228302054e-07
645.0428724473743	1.7763493710249639e-07
645.3751865602306	1.595375808947557e-07
645.7074550025413	1.502259092148962e-07
646.0396777710721	1.3572117490430802e-07
646.3718548625894	1.6208864817135626e-07
646.7039862738592	1.381196019257484e-07
647.0360720016478	1.254783589959826e-07
647.368112042721	1.4918877753267545e-07
647.7001063938453	1.269592218548411e-07
648.0320550517866	1.6058629648833836e-07
648.3639580133114	1.2454598430087984e-07
648.6958152751852	1.5042683800470614e-07
649.0276268341746	1.8079790839357096e-07
649.3593926870457	1.088185374250725e-07
649.6911128305644	1.684048212584941e-07
650.022787261497	1.3903068319218064e-07
650.3544159766095	1.4741999034463457e-07
650.6859989726682	1.6152069569558966e-07
651.0175362464392	1.1122218006903539e-07
651.3490277946887	8.584876613595913e-08
651.6804736141827	8.875084650444729e-08
652.0118737016874	1.1156503836276614e-07
652.3432280539686	1.6693775885526272e-07
652.674536667793	1.1240200394175255e-07
653.0057995399263	8.71656935989974e-08
653.3370166671349	1.2075813089572974e-07
653.6681880461847	1.237971314469786e-07
653.999313673842	9.332879244819633e-08
654.330393546873	1.892216215088885e-07
654.6614276620437	8.907181092214226e-08
654.9924160161202	8.63694574737165e-08
655.3233586058686	1.638842219877431e-07
655.6542554280552	1.3372611600291312e-07
655.985106479446	1.454954430699338e-07
656.315911756807	1.1881146446135905e-07
656.6466712569048	1.342072532706451e-07
656.9773849765052	5.079602923068042e-08
657.3080529123744	1.7346258985828656e-07
657.6386750612784	7.661801447334176e-08
657.9692514199834	1.4271278357719548e-07
658.2997819852555	1.1830634297410867e-07
658.6302667538611	9.330860130025496e-08
658.960705722566	8.654885422237962e-08
659.2910988881365	7.976358339520958e-08
659.6214462473387	1.2102507531697264e-07
659.9517477969387	1.1169642025635226e-07
660.2820035337028	1.41065746369214e-07
660.6122134543967	9.111135501667773e-08
660.9423775557872	1.550949622863949e-07
661.2724958346397	8.43313000531615e-08
661.6025682877208	8.957057156977062e-08
661.9325949117965	1.8185361275802247e-07
662.262575703633	1.0238241366509176e-07
662.5925106599964	1.5480482774728997e-07
662.9223997776529	1.5282852052676445e-07
663.2522430533684	1.5486165773500853e-07
663.582040483909	1.9016480925467404e-07
663.9117920660412	7.593949318709686e-08
664.241497796531	6.832805623408705e-08
664.5711576721445	7.222954902953822e-08
664.9007716896476	1.4824040292186475e-07
665.2303398458068	1.8153473463723854e-07
665.5598621373881	5.49407018370254e-08
665.8893385611575	1.2583113904549362e-07
666.2187691138812	1.1347231332804008e-07
666.5481537923254	1.2252244175691275e-07
666.8774925932562	1.4063184821935008e-07
667.2067855134397	1.2497846265376277e-07
667.5360325496421	5.959377048931027e-08
667.8652336986294	1.1213349617359995e-07
668.1943889571679	5.325729527853299e-08
668.5234983220237	1.5421600660121126e-07
668.8525617899629	1.1740606383218489e-07
669.1815793577515	8.457369074165936e-08
669.5105510221558	1.2441876338236593e-07
669.8394767799418	8.633480546946332e-08
670.1683566278757	4.0980568095246244e-08
670.4971905627239	-1.167817853654568e-08
670.825978581252	4.4463487982024865e-08
671.1547206802267	6.666525894470284e-08
671.4834168564136	1.2545858551995077e-07
671.812067106579	9.946404927157146e-08
672.1406714274892	9.458856395582938e-08
672.4692298159104	1.0046668746321119e-07
672.7977422686083	5.100080434816503e-08
673.1262087823494	1.528551816685665e-07
673.4546293538997	6.53877616887044e-08
673.7830039800256	4.552798685926443e-09
674.1113326574928	8.849675669169903e-08
674.4396153830675	1.1125403863654307e-07
674.7678521535161	6.922749470020488e-08
675.0960429656046	6.804757298937716e-08
675.424187816099	8.953277678862202e-08
675.7522867017657	-1.082898184044055e-08
676.0803396193706	6.816735837424288e-08
676.40834656568	6.833197647124403e-08
676.7363075374599	6.098493916158078e-08
677.0642225314765	5.301201773593762e-08
677.3920915444959	6.386438734847997e-08
677.7199145732842	9.4430259067325e-08
678.0476916146075	6.306521010663307e-08
678.3754226652321	9.868497599315325e-08
678.7031077219241	9.369120880467085e-08
679.0307467814496	1.6944759202171832e-07
679.3583398405746	5.921336425447367e-08
679.6858868960654	1.428177243485789e-07
680.0133879446879	1.0487000001437072e-07
680.3408429832086	-9.602234928908354e-09
680.6682520083934	2.103670784487169e-08
680.9956150170084	5.2991441375028006e-08
681.3229320058198	8.589682305012499e-08
681.6502029715937	8.122934521746194e-09
681.9774279110964	4.427957525560613e-08
682.3046068210937	8.915563965891365e-08
682.631739698352	2.6429100546756773e-08
682.9588265396374	1.2826190819050957e-07
683.2858673417159	6.44895871474984e-08
683.6128621013538	1.3503435982232817e-07
683.939810815317	1.002023422878176e-07
684.2667134803719	4.34595526397371e-08
684.5935700932845	1.1610089705741138e-07
684.920380650821	4.9605900208521865e-09
685.2471451497474	7.271368346653996e-08
685.5738635868299	2.1981187623893665e-08
685.9005359588347	6.782720266745265e-08
686.2271622625277	5.101420387665536e-08
686.5537424946754	-1.537009308974709e-08
686.8802766520436	-8.452940090217238e-09
687.2067647313987	9.262743629874468e-08
687.5332067295067	7.193436516235074e-08
687.8596026431336	2.9225649365429122e-08
688.1859524690458	9.695925992205116e-08
688.5122562040091	7.793370061873532e-08
688.83851384479	4.8732536090926685e-08
689.1647253881544	7.084691177859019e-08
689.4908908308685	-4.349568360022046e-08
689.8170101696983	1.8943694655842576e-07
690.1430834014103	1.7542066956062354e-08
690.4691105227702	7.857364222387427e-08
690.7950915305444	6.277323692589316e-08
691.1210264214989	7.597411982237881e-08
691.4469151923998	4.9727205677248616e-08
691.7727578400135	4.796855615733423e-08
692.0985543611058	4.9808740073596234e-08
692.424304752443	2.3143454061088562e-08
692.7500090107912	2.1449412276056304e-08
693.0756671329167	1.4328878567664279e-08
693.4012791155853	-5.881727204043984e-08
693.7268449555633	     0.0
694.0523646496168	4.853557159867866e-08
694.3778381945122	1.9254408905815645e-07
694.7032655870152	1.4304387991816908e-07
695.028646823892	5.836798968151262e-08
695.3539819019092	8.408140838532277e-08
695.6792708178324	6.235308971603645e-08
696.004513568428	1.6435619584238325e-08
696.3297101504619	7.00948903528111e-08
696.6548605607005	4.601899404857029e-08
696.9799647959098	6.240883309108885e-08
697.305022852856	8.496007485979481e-08
697.6300347283051	1.2999995342649503e-08
697.9550004190233	1.6946313588437294e-07
698.2799199217769	4.86111955127208e-08
698.6047932333319	-1.0047688107084523e-07
698.9296203504543	4.100710393232508e-08
699.2544012699103	3.357648031093246e-08
699.5791359884661	4.833397789075545e-08
699.9038245028878	1.149613115584644e-07
700.2284668099417	-9.491148913369017e-09
700.5530629063935	7.79719547950815e-08
700.8776127890097	8.737972322534891e-08
701.2021164545565	-2.2886580683102158e-08
701.5265738997998	3.773763717909381e-08
701.8509851215057	2.8798521582559484e-08
702.1753501164405	9.483977059745965e-08
702.4996688813702	8.44717254498823e-08
702.823941413061	5.996524476505877e-08
703.1481677082791	5.754115994819006e-08
703.4723477637905	5.439233655731698e-08
703.7964815763615	-3.505614603114566e-08
704.1205691427581	4.664955152354108e-08
704.4446104597463	9.392842997907116e-08
704.7686055240923	8.63063359473688e-08
705.0925543325625	6.884481834056149e-08
705.4164568819228	4.1433701195549943e-08
705.7403131689396	6.299135046531568e-08
706.0641231903785	3.7782972379821795e-08
706.387886943006	9.07512946713748e-08
706.7116044235884	7.960674346621588e-09
707.0352756288914	-8.452116146085008e-08
707.3589005556813	1.0008151150550509e-08
707.6824792007244	7.201520885946126e-08
708.0060115607866	-6.440351214105492e-08
708.3294976326342	2.8139071537886625e-08
708.6529374130333	-2.4202668015020497e-08
708.9763308987499	-3.0318684769185286e-08
709.2996780865504	1.0326139832291593e-07
709.6229789732006	-1.0056264777572512e-08
709.946233555467	5.487391110301436e-08
710.2694418301153	4.10613814415694e-08
710.592603793912	3.0736132644133795e-08
710.9157194436228	-5.561688942323495e-08
711.2387887760143	1.6240749417795717e-07
711.5618117878525	-2.275307604202602e-08
711.8847884759036	8.226753142508613e-08
712.2077188369335	6.009328432558957e-08
712.5306028677084	-2.0747256894253098e-08
712.8534405649945	3.9653207317692625e-08
713.1762319255579	-5.4093949548843265e-08
713.4989769461648	9.895695652674581e-08
713.8216756235812	-6.067887297363189e-08
714.1443279545733	1.9065261070418547e-08
714.4669339359074	     0.0
714.7894935643495	-4.662063094776315e-08
715.1120068366655	-1.4903681342522726e-08
715.4344737496218	1.5552040436783437e-07
715.7568942999844	-3.854451911578555e-08
716.0792684845196	-1.0547297102633064e-07
716.4015962999933	8.65342709917184e-09
716.7238777431719	4.349933491412601e-09
717.0461128108213	1.1539231154145961e-07
717.3683014997079	-1.9627329394955287e-08
717.6904438065975	2.6311346052047145e-08
718.0125397282565	1.0438155780740782e-07
718.3345892614508	1.769833624289745e-08
718.6565924029467	-5.613811018530217e-08
718.9785491495103	9.789753315550254e-08
719.3004594979076	6.74983445077428e-08
719.622323444905	-3.409394007388759e-08
719.9441409872685	6.820208347882315e-08
720.2659121217641	1.1727793543211749e-07
720.587636845158	2.2752890241345114e-09
720.9093151542165	-2.31925649665535e-08
721.2309470457055	-8.836556842258972e-08
721.5525325163914	7.716478883310417e-08
721.87407156304	-4.466686188310907e-08
722.1955641824178	4.429359803224105e-08
722.5170103712904	1.8949495680072604e-08
722.8384101264247	-1.907959942772936e-08
723.1597634445861	-3.8112435859842634e-08
723.4810703225412	4.072437226592259e-08
723.8023307570559	-2.40259098552521e-09
724.1235447448962	1.2071320012749518e-07
724.4447122828286	2.1609462485198842e-08
724.765833367619	6.292545581705981e-08
725.0869079960337	-1.2096511724189458e-08
725.4079361648387	8.582131253234634e-08
725.7289178708002	2.423657653206399e-08
726.0498531106841	-2.6856834298091667e-08
726.3707418812568	7.381725988561791e-09
726.6915841792844	7.6181527105603e-08
727.0123800015328	-4.454172875246989e-08
727.3331293447685	-1.722700625227261e-08
727.6538322057575	3.214313647629792e-08
727.9744885812657	1.4867539912836971e-08
728.2950984680596	6.456590287208094e-08
728.615661862905	4.5031076768259795e-08
728.9361787625681	1.494041753563296e-08
729.2566491638152	4.7776905887879805e-08
729.5770730634123	-4.506480583532475e-08
729.8974504581256	3.035067351171448e-08
730.2177813447212	1.0635585642175137e-07
730.5380657199652	1.011725632407675e-08
730.8583035806239	1.10757884383589e-07
731.1784949234631	-1.7740167191364194e-08
731.4986397452492	-1.0955019288068041e-07
731.8187380427482	8.126673228885559e-08
732.1387898127264	4.3299380411244394e-08
732.4587950519498	7.685966553906888e-09
732.7787537571845	5.6094612414186534e-08
733.0986659251967	-1.2855572924137406e-08
733.4185315527526	2.5759678784129194e-09
733.7383506366182	-5.130318533049516e-09
734.0581231735596	2.071449046355224e-08
734.377849160343	5.467341358175143e-08
734.6975285937347	3.894900751700918e-08
735.0171614705006	5.767136400838667e-08
735.3367477874067	-7.301220877285531e-08
735.6562875412196	3.665527821890654e-08
735.975780728705	2.621183190101361e-09
736.2952273466295	7.885086675896996e-09
736.6146273917586	1.2732349215694305e-07
736.933980860859	-1.1728641588451932e-07
737.2532877506965	8.794079971314511e-08
737.5725480580373	9.588444417922e-08
737.8917617796476	4.839795400269147e-08
738.2109289122934	-3.786474380266472e-08
738.5300494527411	1.5165386046407187e-07
738.8491233977567	1.0534377345864329e-07
739.1681507441061	3.29007112126045e-08
739.4871314885556	-1.0997450149215276e-08
739.8060656278715	5.777059294845725e-08
740.1249531588197	4.455288112776458e-08
740.4437940781664	6.961988773746116e-08
740.7625883826778	-7.766422399069888e-08
741.08133606912	9.448947396516772e-08
741.4000371342592	8.153359624898945e-08
741.7186915748613	2.82695395642556e-08
742.0372993876925	-9.643171985134118e-08
742.3558605695191	-1.1412144749411993e-08
742.674375117107	-5.764069224043824e-09
742.9928430272228	1.4427294012297005e-07
743.3112642966321	-7.552957827885647e-08
743.6296389221011	5.5617195578979584e-08
743.9479669003963	7.075056456910963e-08
744.2662482282836	7.665511761359381e-08
744.584482902529	9.227839674637889e-08
744.9026709198988	1.1872945387645742e-08
745.2208122771591	-1.2041264611112487e-08
745.538906971076	8.148196508762735e-08
745.8569549984157	2.7211755757113945e-08
746.1749563559442	-9.16918723048019e-09
746.4929110404278	4.552299731637201e-08
746.8108190486327	1.3141045097284712e-07
747.1286803773247	9.509049774589498e-08
747.4464950232702	3.7112991564580537e-08
747.7642629832352	1.1186696803375021e-07
748.0819842539859	-1.2428127001813312e-07
748.3996588322883	-5.3222494501802055e-08
748.7172867149087	1.355160508489303e-07
749.0348678986132	-5.6986819956436766e-08
749.3524023801681	9.486695801341227e-09
749.6698901563391	1.0115392645244236e-07
749.9873312238926	-3.1511935125015525e-08
750.3047255795947	-4.13881361824277e-08
750.6220732202115	-3.823333703937054e-08
750.9393741425093	-3.518966320438903e-08
751.2566283432541	-4.797405688073016e-08
751.5738358192119	1.4097629872622381e-07
751.8909965671489	-2.232289336426283e-08
752.2081105838316	-1.3743336287754355e-07
752.5251778660256	-6.424829106699491e-08
752.8421984104973	1.1179925752161145e-07
753.1591722140129	5.454973081638713e-08
753.4760992733383	1.5413884230374878e-07
753.7929795852397	1.1543666604065209e-07
754.1098131464832	-1.3019762282313782e-07
754.4265999538353	1.2156604482119558e-07
754.7433400040617	1.496451134812984e-07
755.0600332939288	5.0614650138345026e-08
755.3766798202024	3.185624844609982e-08
755.6932795796489	-1.0490353955617122e-07
756.0098325690344	1.0816278651846525e-07
756.3263387851251	-2.2243283465584752e-08
756.6427982246869	-7.916946547341508e-08
756.9592108844861	8.533626318759534e-08
757.275576761289	9.468991167790805e-08
757.5918958518614	3.761879756058649e-08
757.9081681529696	-6.305110773762855e-09
758.2243936613796	1.5787683966395583e-08
758.5405723738576	2.5058154400715208e-08
758.8567042871699	3.14446040542974e-08
759.1727893980824	1.2861724743126483e-07
759.4888277033614	1.2565206138982317e-07
759.8048191997727	4.3871239019105546e-08
760.1207638840831	-3.743798417995849e-08
760.4366617530582	1.248930271104375e-08
760.7525128034641	7.187082603169846e-08
761.0683170320672	-8.399583963537742e-08
761.3840744356335	-5.633975885929842e-08
761.6997850109291	-4.043297529093712e-08
762.0154487547202	-2.4790591290744084e-08
762.3310656637728	1.5146907789246706e-07
762.6466357348535	2.1785921416185627e-08
762.9621589647278	-6.185926556507869e-09
763.2776353501621	4.677173926332094e-08
763.5930648879225	3.123911778450596e-08
763.9084475747753	-5.6171597761178934e-08
764.2237834074864	-2.506052627446e-08
764.5390723828223	-5.587394427539084e-08
764.8543144975486	5.6150172195110306e-08
765.1695097484317	-1.2490716884900486e-08
765.4846581322379	-3.448488763823315e-08
765.799759645733	6.565408848484649e-08
766.1148142856833	4.416352113931432e-08
766.429822048855	-1.224436613207451e-07
766.7447829320141	1.0082425816184075e-07
767.0596969319269	2.274032240058445e-07
767.3745640453593	-1.2688399990070824e-08
767.6893842690776	5.7285611772363465e-08
768.004157599848	9.104736988423955e-08
768.3188840344363	8.237084857313719e-08
768.633563569609	-3.836591400893889e-08
768.9481962021321	-4.7313417660065484e-08
769.2627819287715	3.852525567750053e-08
769.5773207462937	-9.621010487407812e-09
769.8918126514646	-8.083709842775739e-08
770.2062576410505	1.9100231520874363e-07
770.5206557118175	-1.2295578015582275e-07
770.8350068605315	2.9295258054607613e-08
771.1493110839589	1.2626119208346472e-08
771.4635683788657	5.539728033379812e-08
771.7777787420181	1.9103269591553808e-07
772.0919421701822	1.6484123575070356e-07
772.406058660124	-1.0898720803277076e-07
772.7201282086099	-5.007191690823567e-08
773.034150812406	1.0057134327373782e-07
773.3481264682782	1.2436283242537898e-07
773.6620551729927	1.3805809559974838e-07
773.9759369233158	-3.039274419805864e-08
774.2897717160133	1.872046000929958e-07
774.6035595478519	6.096532746722341e-08
774.9173004155971	3.436279836669749e-08
775.2309943160154	1.1407827810320808e-07
775.5446412458729	-3.763362099397734e-08
775.8582412019357	4.484235169510613e-08
776.1717941809699	3.4693038093173846e-08
776.4853001797416	5.2480394165990245e-08
776.7987591950168	1.0155371746032402e-07
777.1121712235621	5.671424473662943e-08
777.4255362621432	-7.102072460066583e-09
777.7388543075264	1.1795914283184013e-07
778.0521253564777	4.684428392192796e-08
778.3653494057636	1.0753484817640183e-07
778.6785264521498	3.5935351723721004e-08
778.9916564924026	1.0903794710318623e-08
779.304739523288	-1.0889474618406378e-08
779.6177755415725	1.0584415710912822e-07
779.9307645440218	-1.0959612191108853e-08
780.2437065274023	1.2194256667050502e-07
780.5566014884802	6.679769636909762e-08
780.8694494240212	2.601714490420617e-08
781.182250330792	1.0830362658707569e-07
781.4950042055583	8.659079950019468e-08
781.8077110450865	-8.708228243043576e-08
782.1203708461425	8.382916999478999e-08
782.4329836054925	-4.1978233136245996e-08
782.7455493199028	8.097358289971399e-08
783.0580679861393	1.7752926710365604e-07
783.3705396009683	3.108286484429184e-08
783.6829641611561	5.461823772056442e-08
783.9953416634684	2.288635800768844e-07
784.3076721046715	-9.834973299662443e-08
784.6199554815316	2.3728273714006684e-08
784.9321917908148	2.2126709790872053e-07
785.2443810292872	1.4297510532009286e-07
785.5565231937151	-2.0058011649211652e-08
785.8686182808643	-7.690161241246077e-08
786.1806662875015	4.858655700903201e-08
786.4926672103921	7.335096348911272e-08
786.8046210463027	-7.348557689629765e-08
787.1165277919994	9.032990869455248e-08
787.4283874442481	-4.518706903538015e-08
787.7401999998151	8.23597386822716e-08
788.0519654554666	-1.6695579535826074e-07
788.3636838079686	7.090907495167849e-08
788.6753550540875	-4.656303596407465e-08
788.9869791905891	1.347285018502124e-07
789.2985562142395	8.105652174365267e-08
789.6100861218051	7.60255572978702e-08
789.9215689100519	1.1616531255694979e-07
790.233004575746	8.643434641702863e-09
790.5443931156536	-4.3411844980617304e-09
790.8557345265409	1.682237119159777e-07
791.1670288051738	-9.56379029945298e-08
791.4782759483188	-1.316121982241619e-07
791.7894759527416	-1.681994249678412e-07
792.1006288152086	-9.844073983991094e-08
792.4117345324858	1.2053880308651234e-07
792.7227931013394	1.6035751722857833e-07
793.0338045185356	-1.8044040599405154e-08
793.3447687808404	-1.450559213726985e-07
793.65568588502	5.4633943530871404e-08
793.9665558278407	-7.376527456882199e-07
794.2773786060682	-1.8905001927109721e-07
794.588154216469	-1.3788982509552396e-07
794.8988826558091	4.622867890928069e-08
795.2095639208546	-5.598389223158557e-08
795.5201980083718	1.6736377063170865e-07
795.8307849151267	8.413850507202278e-08
796.1413246378854	-6.613524203002629e-08
796.451817173414	1.681897833887206e-07
796.762262518479	2.1888952263171763e-07
797.0726606698461	-2.1727886592730828e-07
797.3830116242815	2.351115795850383e-07
797.6933153785515	7.288464918606104e-08
798.0035719294219	5.34851793254035e-08
798.3137812736593	-4.882763550454941e-09
798.6239434080295	1.4241385973991217e-07
798.934058329299	-1.226329736680163e-07
799.2441260342334	5.454351291357368e-08
799.5541465195992	-1.2402147803515587e-07
799.8641197821624	7.472360568341146e-08
800.1740458186891	6.544868700117054e-08
800.4839246259456	     0.0
800.7937562006978	-4.5670499375161555e-08
801.1035405397121	-1.54166129732091e-08
801.4132776397544	-1.2179450602291946e-07
801.7229674975908	9.281681906090242e-08
802.0326101099879	3.630476316147031e-08
802.3422054737113	2.303610788132897e-07
802.6517535855272	-8.393439777679899e-08
802.961254442202	-9.449660103533987e-08
803.2707080405015	-7.365527283096917e-08
803.5801143771921	4.44809910118644e-07
803.8894734490399	2.5978203846009506e-07
804.1987852528109	7.535664575950301e-08
804.5080497852715	-4.2808974953804396e-08
804.8172670431876	-6.99328815010921e-08
805.1264370233253	8.083719107054604e-08
805.4355597224506	-1.1437032525918271e-07
805.7446351373301	-4.396456361212722e-08
806.0536632647295	-7.692505851059835e-08
806.3626441014152	4.399424866688197e-08
806.6715776441532	-2.442180960036136e-07
806.9804638897098	-1.059336921056169e-07
807.2893028348509	1.1822351131354136e-07
807.5980944763427	-3.798802980912473e-07
807.9068388109513	-5.651747647319293e-09
808.2155358354429	-1.1408329713974029e-07
808.5241855465837	6.898959846065237e-08
808.8327879411396	1.724454571759968e-08
809.141343015877	1.7305060109923662e-08
809.4498507675619	2.442317316159049e-07
809.7583111929606	-1.5283457191950486e-07
810.0667242888389	2.9440423064175746e-07
810.3750900519632	1.1812347587482612e-08
810.6834084790995	-6.52852649371428e-08
810.991679567014	-2.3905257806416666e-08
811.2999033124728	8.384264391398301e-08
811.608079712242	-6.014995077905749e-09
811.9162087630878	8.408925873186311e-08
812.2242904617764	1.5798626985654478e-07
812.5323248050737	3.214780541041224e-07
812.840311789746	-2.4411754515493454e-08
813.1482514125594	-1.5392988559656298e-07
813.45614367028	4.328854186359955e-08
813.7639885596741	-2.3699182734238058e-07
814.0717860775075	6.205570143930933e-09
814.3795362205466	3.1155575886134646e-08
814.6872389855575	6.903650043906583e-08
814.9948943693064	-1.9529039029439534e-07
815.302502368559	5.692723669933195e-08
815.6100629800819	-6.3517262542376e-08
815.9175762006412	2.2412789576298247e-07
816.2250420270028	5.163572910639866e-07
816.532460455933	-2.189227671005274e-07
816.8398314841978	1.2982853923082864e-07
817.1471551085635	6.537834355007266e-08
817.4544313257962	-2.6329644742361728e-08
817.761660132662	-8.53556944850789e-08
818.0688415259268	-8.636292868340515e-08
818.375975502357	-2.468386739963707e-07
818.6830620587189	6.677370942706741e-09
818.9901011917782	1.0057536065855533e-07
819.2970928983012	1.345399623235082e-08
819.604037175054	1.759096355052778e-07
819.9109340188032	-6.089121517884817e-08
820.2177834263142	-2.9809779818277405e-07
820.5245853943535	2.406244817049051e-07
820.8313399196871	2.684335064362618e-07
821.1380469990814	3.4354873989851144e-07
821.4447066293023	1.389569324433632e-08
821.751318807116	2.447119182742966e-07
822.0578835292886	8.44694949320529e-08
822.3644007925864	1.8362410032369533e-07
822.6708705937751	-3.5589618673588506e-08
822.9772929296213	-4.284443518428067e-08
823.283667796891	3.3616648144003205e-07
823.5899951923501	1.514472853728701e-07
823.896275112765	1.664133002457761e-07
824.2025075549018	-1.3810373512730577e-07
824.5086925155264	7.348776704878487e-08
824.8148299914053	-2.2033473563398186e-08
825.1209199793045	7.3519494734475824e-09
825.4269624759899	4.3626620236657803e-07
825.7329574782278	2.1687450971859073e-07
826.0389049827844	2.762874531677086e-07
826.3448049864259	1.5008345555406486e-07
826.650657485918	-2.3323882976392195e-07
826.9564624780272	-3.337807193150193e-07
827.2622199595197	-2.654712987689129e-07
827.5679299271616	-2.0695986853405892e-07
827.8735923777186	-2.626203181497394e-07
828.1792073079574	-7.732285484339005e-09
828.4847747146439	-9.332009835892203e-08
828.7902945945441	1.8782890040231602e-07
829.0957669444242	1.656767936455733e-07
829.4011917610505	-1.7339956644516983e-07
829.7065690411889	-3.000085348724104e-07
830.0118987816059	3.952552426367209e-08
830.3171809790673	-1.5869862161477803e-08
830.6224156303391	1.854284744679964e-07
830.9276027321878	8.919217691128624e-08
831.2327422813793	-1.0529618467726912e-07
831.5378342746799	-7.995232182615467e-09
831.8428787088556	-7.344410268573935e-08
832.1478755806726	-2.3728829351595067e-07
832.4528248868969	2.980098709558953e-07
832.757726624295	6.65514988060454e-08
833.0625807896325	9.990112001876509e-08
833.3673873796758	2.847413735496821e-07
833.6721463911912	1.0952254592004582e-07
833.9768578209445	1.764915438682353e-07
834.281521665702	-2.634560793977672e-07
834.58613792223	3.943744727458817e-07
834.8907065872943	-2.5885631213072947e-07
835.1952276576613	-9.524759737591081e-08
835.499701130097	-2.7024089155486774e-07
835.8041270013674	4.613503714184165e-07
836.108505268239	6.512304902313235e-07
836.4128359274775	2.564628494289352e-07
836.7171189758494	-7.120124561584252e-08
837.0213544101206	7.113178977818956e-08
837.3255422270574	-8.942829314420606e-09
837.6296824234258	-1.8037237434941205e-08
837.933774995992	5.511477402324729e-07
838.2378199415222	-3.574497127124052e-07
838.5418172567822	-1.2776236338060305e-07
838.8457669385385	-5.074245949700607e-07
839.1496689835571	2.8643616187712603e-07
839.4535233886041	1.1156424732283171e-07
839.7573301504457	-5.63295976961894e-08
840.061089265848	6.452978924008202e-07
840.3648007315772	2.5695656048916937e-07
840.6684645443994	1.9068996336183622e-07
840.9720807010806	-1.3440641592650414e-07
841.275649198387	5.800662783081959e-08
841.5791700330848	1.9251466420118906e-08
841.8826432019399	-4.870141952860893e-08
842.1860687017189	1.7679895678876276e-07
842.4894465291875	1.8758827325467553e-07
842.7927766811121	1.3887335858794397e-07
843.0960591542587	-2.9835294794032014e-08
843.3992939453933	1.1893820599412046e-07
843.7024810512822	9.967147138612974e-09
844.0056204686916	-2.8985051022180724e-07
844.3087121943876	8.107683129509132e-08
844.6117562251362	-3.059969839545196e-07
844.9147525577035	-1.1255091747714057e-07
845.2177011888559	4.022564333123063e-07
845.5206021153595	-2.805038802951069e-07
845.8234553339801	-8.355775994980611e-08
846.1262608414839	-1.4554637174155902e-07
846.4290186346374	-4.229557627097309e-08
846.7317287102064	8.481969556649012e-08
847.0343910649573	-3.218571306623505e-08
847.3370056956558	3.655946211664244e-07
847.6395725990684	4.307728706475222e-08
847.9420917719613	-3.8205950025057623e-07
848.2445632111002	1.5319090053902984e-07
848.5469869132517	-4.341422315868729e-08
848.8493628751816	-1.771376694188829e-07
849.1516910936562	3.887397843531404e-07
849.4539715654414	-5.209911635902371e-07
849.7562042873037	-3.0333565285181134e-07
850.0583892560089	1.0155697310794471e-07
850.3605264683235	4.568291609152499e-08
850.6626159210134	2.420671293657059e-07
850.9646576108446	-1.0350952224199008e-07
851.2666515345835	-2.5508543539355533e-07
851.568597688996	-1.0541817420658874e-07
851.8704960708484	-1.1810178765727004e-08
852.1723466769067	-3.068172372403777e-07
852.4741495039372	1.1893173089852614e-07
852.7759045487059	-4.0762145755602836e-07
853.077611807979	7.14649078280602e-08
853.3792712785225	4.4710282139531905e-07
853.6808829571028	3.2876299202164396e-07
853.9824468404857	-2.546842697424268e-07
854.2839629254374	-1.728133419156539e-07
854.5854312087243	1.9732828958807827e-07
854.8868516871124	2.492652804937615e-08
855.1882243573677	6.40463852201647e-07
855.4895492162565	2.5213015483282693e-07
855.7908262605448	3.829770041118943e-08
856.0920554869988	-3.3113441048561096e-07
856.3932368923846	1.9351873746549757e-07
856.6943704734684	-3.983976822684418e-07
856.9954562270161	-4.047416626345533e-07
857.2964941497942	1.8364009863881087e-07
857.5974842385685	     0.0
857.8984264901055	6.618391140232802e-08
858.199320901171	2.2498395097939791e-07
858.5001674685311	-3.324767291545314e-07
858.8009661889522	1.068886592525033e-07
859.1017170592004	1.086115995141536e-07
859.4024200760415	1.3667003334474064e-08
859.703075236242	5.481020344036538e-08
860.0036825365678	5.52535873445858e-07
860.3042419737852	5.957414148921101e-07
860.6047535446604	3.333823103469274e-07
860.9052172459593	3.6604971535828773e-07
861.2056330744482	-2.2433372869848123e-07
861.5060010268929	-3.28369611413774e-07
861.80632110006	-4.275625704864268e-07
862.1065932907154	-1.9463726938911952e-07
862.4068175956252	-1.5836275824826096e-07
862.7069940115556	2.769200768781303e-07
863.0071225352727	-5.416836237842634e-07
863.3072031635427	-5.168779679759271e-07
863.6072358931317	1.6385197085003428e-07
863.9072207208058	6.02496308425171e-08
864.2071576433311	9.047479894054504e-08
864.5070466574738	-6.075583250185198e-08
864.80688776	5.070189589098886e-07
865.1066809476758	2.0018490859183812e-07
865.4064262172674	1.5581674036495813e-08
865.7061235655409	-2.816523778121527e-07
866.0057729892625	-1.4111630007813504e-07
866.3053744851982	-4.4355481004054286e-07
866.6049280501143	3.020118041813962e-07
866.9044336807767	4.16030503066416e-07
867.2038913739517	9.055617818018942e-07
867.5033011264054	-5.527633921228175e-07
867.8026629349039	2.778613477179629e-07
868.1019767962135	-2.6404852792818113e-07
868.4012427071001	-4.9762707113819486e-08
868.7004606643299	-1.667714895629534e-07
868.999630664669	3.045760636701569e-07
869.2987527048837	5.437863427991667e-07
869.5978267817399	-1.0251155169255822e-07
869.8968528920038	-2.0548900158001957e-07
870.1958310324418	-8.712799605777516e-08
870.4947611998197	-4.183373408021294e-07
870.7936433909038	4.231912712955677e-07
871.0924776024601	6.013919545945266e-07
871.3912638312548	-1.0131217505294108e-06
871.6900020740541	-5.411686031483143e-07
871.988692327624	7.084084890756541e-07
872.2873345887307	3.648013387669204e-08
872.5859288541404	-1.0879776157738444e-06
872.8844751206192	-1.1180882900214647e-07
873.1829733849331	-8.0423333007526e-07
873.4814236438484	9.460155714690146e-07
873.7798258941312	8.206723626673416e-07
874.0781801325475	-3.8238500493126715e-08
874.3764863558636	-1.1522431473011876e-07
874.6747445608455	6.438332002771685e-07
874.9729547442594	     0.0
875.2711169028714	4.375436659285954e-07
875.5692310334477	4.801697297398154e-07
875.8672971327544	3.454346514302391e-07
876.1653151975577	4.087707346088525e-07
876.4632852246234	-1.111909731795968e-06
876.761207210718	3.322878789653351e-07
877.0590811526075	-6.059885571610554e-07
877.3569070470581	-6.789103176249956e-07
877.6546848908358	-4.477782820356431e-07
877.952414680707	-5.721989980614956e-07
878.2500964134375	1.7396519451212724e-07
878.5477300857935	-1.7508305783627656e-07
878.8453156945415	-3.086020926002773e-07
