Sphere_evaluation_file Voltage	Sphere_evaluation_file Current	Sphere_evaluation_file Current density	Sphere_evaluation_file PD current	Sphere_evaluation_file Radiant flux	Sphere_evaluation_file Luminous flux	Sphere_evaluation_file Irradiance	Sphere_evaluation_file Luminance	Sphere_evaluation_file EQE	Sphere_evaluation_file P_eff
V	A	mA/cm^2	A	W	lm	W/m^2	cd/m^2	%	lm/W

-2.683888e-05	-2.490337e-10	-3.921790551181103e-06	7.105427358000003e-13	2.733285747589264e-10	1.216710964258149e-07	4.304387004077582e-05	0.006099072890576089	50.348185664098544	18203919.73722106
0.09997585	-2.470177e-11	-3.89004251968504e-07	1.3073986337000012e-12	5.029245774902607e-10	2.238748173940468e-07	7.9200720864608e-05	0.011222294117183616	933.967352587483	90652.97596993436
0.1999607	-1.517419e-10	-2.389636220472441e-06	2.714273250700001e-12	1.0441151555575569e-09	4.647835883370236e-07	0.00016442758355237117	0.02329845844151997	315.6456375089698	15317.948973289484
0.2999344	-1.024197e-10	-1.6129086614173228e-06	3.2116531657e-12	1.2354451578657246e-09	5.499533558248196e-07	0.0001945582925772795	0.0275678094644082	553.3461359115067	17902.598770672445
0.3998688	-1.269965e-11	-1.999944881889764e-07	3.1263880369999976e-13	1.2026457287392434e-10	5.3535282418454174e-08	1.8939302814791237e-05	0.0026835920714071244	434.41305731559953	10542.189696668214
0.4999466	4.802918e-11	7.563650393700789e-07	1.2931877787000003e-12	4.974580058858338e-10	2.2144139541689906e-07	7.8339843446588e-05	0.01110031265693432	475.1253056335548	9222.104057742108
0.5999432	-5.808778e-11	-9.147681889763781e-07	4.2632564150000085e-13	1.6399714486304963e-10	7.30026578589138e-08	2.582632202567711e-05	0.003659443734517333	129.51152512427547	2094.805752933653
0.6999297	-1.772693e-10	-2.79164251968504e-06	3.8369307729999964e-13	1.4759743035751045e-10	6.570239206446038e-08	2.324368982008039e-05	0.003293499360636406	38.19461847095192	529.5332430421563
0.800007	1.320618e-11	2.0797133858267718e-07	1.4637180357000003e-12	5.630568639849239e-10	2.506424586289593e-07	8.867037228109038e-05	0.012564090154174723	1955.8338312396813	23723.766593238535
0.8999632	-7.617541e-11	-1.199612755905512e-06	2.060573933700001e-12	7.926528667547256e-10	3.528461796143148e-07	0.00012482722311098042	0.017687311381640616	477.3370487157597	5146.901629811394
0.9999824	-3.84365e-11	-6.052992125984252e-07	1.0658141036999997e-12	4.099928621383894e-10	1.8250664463872223e-07	6.456580506116369e-05	0.009148609335864127	489.3159482868137	4748.347451308056
1.100005	-1.434788e-11	-2.259508661417323e-07	3.879563337700001e-12	1.4923740182729828e-09	6.643241865246761e-07	0.00023501953043669023	0.03330093798453685	4771.411282274525	42091.816597992714
 1.19997	-3.336525e-11	-5.254370078740158e-07	2.7000623960000016e-13	1.0386485840685336e-10	4.6235016641124726e-08	1.6356670615252498e-05	0.0023176476983845797	142.80097066055356	1154.798593982221
1.299999	-7.389333e-11	-1.1636744881889764e-06	1.2931877787000003e-12	4.974580058858338e-10	2.2144139541689906e-07	7.8339843446588e-05	0.01110031265693432	308.8219035037265	2305.2103074335464
1.399981	1.265496e-10	1.992907086614173e-06	9.947598296999998e-13	3.82660004500933e-10	1.703395349242213e-07	6.0261418031643e-05	0.008538702043201373	138.71045773746394	961.4629176816645
1.499961	-3.594313e-11	-5.660335433070866e-07	2.884803506700001e-12	1.1097140132719714e-09	4.93984651377847e-07	0.00017475811232629473	0.024762235930176693	1416.28966490364	9162.576090112818
 1.59999	-4.537604e-10	-7.145833070866142e-06	1.11555209517e-11	4.291258623576659e-09	1.9102362138236475e-06	0.0006757887596183715	0.09575544437895442	433.8254306278395	2631.1354969420577
1.699934	2.191196e-11	3.450702362204724e-07	1.9468870957e-12	7.489202946886652e-10	3.3337880413960785e-07	0.00011794020388797879	0.016711459716813672	1567.8744482482805	8950.034259665814
1.799924	2.889156e-10	4.549851968503937e-06	3.0695446184999995e-12	1.180779442898552e-09	5.256191365328071e-07	0.00018594951856670114	0.026347994885949633	187.47989462205018	1010.7552560868279
1.899992	1.715574e-10	2.7016913385826774e-06	8.952838470999997e-13	3.443940041931696e-10	1.5330558149515677e-07	5.423527625089286e-05	0.007684831842057197	92.08799885503491	470.32356454537546
1.999934	1.738999e-11	2.738581102362205e-07	1.3784529073999995e-12	5.302574350123137e-10	2.3604192705717638e-07	8.350510787595492e-05	0.01183220140727125	1398.7636697700325	6786.942278225214
2.099972	-2.538939e-10	-3.998329133858268e-06	3.2684965847000006e-12	1.2573114438987548e-09	5.596870435621731e-07	0.0001980018021887803	0.028055735296821677	227.16818653678973	1049.7345285074714
 2.19912	4.197126e-10	6.609647244094488e-06	2.884803506700001e-12	1.1097140132719714e-09	4.93984651377847e-07	0.00017475811232629473	0.024762235930176693	121.28747991670483	535.1955820023359
2.299281	9.529454e-12	1.5007014173228346e-07	5.968558980000009e-13	2.295960027698018e-10	1.0220372098535557e-07	3.615685082989005e-05	0.005123221227465895	1105.2313982177902	4664.516558604756
2.399481	-1.206579e-11	-1.900124409448819e-07	6.394884622000005e-13	2.459957172753403e-10	1.095039867798087e-07	3.8739483035486666e-05	0.005489165601346807	935.2521026342043	3782.3076696908065
2.399477	-1.572784e-10	-2.476825196850394e-06	4.8601123127e-12	1.8695674512848917e-09	8.322302995231207e-07	0.0002944200710684869	0.04171765857006403	545.2917981885112	2205.250095544977
2.409388	1.105085e-11	1.7402913385826774e-07	3.1405988920999994e-12	1.208112300382138e-09	5.377862461788132e-07	0.00019025390557199026	0.026957902175178912	5014.972218376059	20197.948661706403
2.419315	-9.058635e-11	-1.4265566929133858e-06	1.8474111130000096e-13	7.10654294342438e-11	3.163448506934213e-08	1.1191406210117135e-05	0.0015857589514811212	35.98757087083622	144.34627818512982
2.429548	1.105085e-11	1.7402913385826774e-07	5.684341890000054e-14	2.186628599456264e-11	9.733687720229806e-09	3.4435096054429357e-06	0.0004879258315551041	90.76872799582534	362.5402594339863
2.439488	-6.141523e-10	-9.671689763779528e-06	2.472688720700001e-12	9.511834402056864e-10	4.234154155816993e-07	0.000149792667748927	0.021224773660200494	71.04689582294746	282.6128449094067
2.449388	-5.259393e-11	-8.282508661417324e-07	5.1301185522e-12	1.9734323096532774e-09	8.784653161471217e-07	0.00031077674167768153	0.04403530626759024	1721.2482816321076	6819.168303617019
2.459311	-4.988924e-11	-7.856573228346457e-07	7.7307049651e-12	2.973814893221709e-09	1.3237815290436859e-06	0.0004683173060191668	0.06635791304600001	2734.412013563573	10789.36726791804
2.469552	1.99407e-10	3.1402677165354333e-06	2.7426949599999996e-12	1.0550482984971364e-09	4.696504321714527e-07	0.00016614933834600574	0.023542421356009955	242.7106598994103	953.7095934480556
2.479466	9.159982e-11	1.4425168503937008e-06	1.3358203431999999e-12	5.138577205067751e-10	2.2874166126272324e-07	8.09224756703583e-05	0.011466257033390338	257.338742924315	1007.1461416448834
2.489398	7.807636e-11	1.2295489763779527e-06	4.547473508999995e-13	1.7493028784109653e-10	7.786950171046656e-08	2.7548076825369537e-05	0.0039034066498656863	102.77852062887384	400.6392567104772
2.499307	-6.768101e-11	-1.0658426771653543e-06	9.663381207000012e-13	3.7172686167675635e-10	1.6547269114116323e-07	5.853966325618211e-05	0.008294739131286491	251.94980322467794	978.2275583036851
2.509569	4.929679e-11	7.763274015748032e-07	1.0800249587000006e-12	4.1545943374281616e-10	1.8494006661586994e-07	6.542668247918365e-05	0.009270590796113422	386.6044898789963	1494.9037383906218
2.519478	5.381867e-11	8.475381102362206e-07	3.7374547900999994e-12	1.4377083031519397e-09	6.399899671641688e-07	0.0002264107564018803	0.0320811234026448	1225.4475539457435	4719.865624116096
2.529402	-1.279049e-10	-2.0142503937007875e-06	3.5385028237000008e-12	1.3611763020748028e-09	6.059220601005558e-07	0.0002143584727676855	0.03037338299005605	488.18463492405175	1872.8876429320128
2.539325	-3.022076e-12	-4.7591748031496066e-08	1.5916157277000007e-12	6.122560072707347e-10	2.7254325590957683e-07	9.641826886153302e-05	0.013661923270667266	9293.6129704101	35514.99595892367
2.549584	3.983285e-10	6.272889763779528e-06	1.20365939437e-11	4.630186056126935e-09	2.0611083733245333e-06	0.0007291631584451867	0.10331829475990396	533.2292584652441	2029.5049819328744
2.559482	-3.248129e-10	-5.115163779527559e-06	5.5706550487e-12	2.1428960261207533e-09	9.53901395983183e-07	0.0003374639411213785	0.04781673146235686	302.6388930980223	1147.4086926180464
2.569389	-1.460023e-09	-2.299248818897638e-05	1.35429445436e-11	5.209642634617398e-09	2.3190510977479457e-06	0.0008204161629318737	0.1162483292879596	163.6835912891677	618.1882699095908
 2.57932	1.644152e-10	2.5892157480314966e-06	1.35429445436e-11	5.209642634617398e-09	2.3190510977479457e-06	0.0008204161629318737	0.1162483292879596	1453.526243344803	5468.435917960734
2.589568	1.655628e-09	2.607288188976378e-05	3.4958702598999996e-12	1.344776587723134e-09	5.986217943745971e-07	0.00021177584058632034	0.03000743861960859	37.26012317971499	139.62476079443044
2.599474	-5.5363e-10	-8.718582677165354e-06	6.110667528000002e-13	2.350625742972928e-10	1.0463714292825565e-07	3.7017728235794145e-05	0.00524520268599844	19.47694248765192	72.70776241190576
2.609387	1.06687e-10	1.6801102362204724e-06	1.13828946269e-11	4.378723767401039e-09	1.949170964636072e-06	0.0006895627980159117	0.09770714770174134	1882.7512941210541	7001.642560360681
2.619643	-8.08693e-10	-1.273532283464567e-05	1.0061285138700001e-11	3.870332618498691e-09	1.7228627253504964e-06	0.0006095011997635734	0.0863628721286003	219.54397118473295	813.2515142393726
2.629571	-1.471773e-10	-2.3177527559055116e-06	3.4106051317000004e-12	1.3119771587889919e-09	5.840212628199381e-07	0.00020661057618724283	0.0292755498735635	408.9237662721977	1509.0475551607765
2.639498	8.14995e-11	1.283456692913386e-06	1.0231815395000001e-12	3.935931476328508e-10	1.752063788442691e-07	6.198317285556706e-05	0.008782664961983214	221.53864437886702	814.4672617387191
2.649412	6.789146e-11	1.0691568503937007e-06	6.679101716000007e-13	2.5692886025338786e-10	1.1437083063136177e-07	4.0461237835179195e-05	0.005733128516695176	173.60197093193722	635.8440738461687
2.659657	1.248167e-10	1.9656173228346457e-06	2.3163693187000004e-12	8.910511537110226e-10	3.966477743467866e-07	0.00014032301633244452	0.019882977623209376	327.4815596246945	1194.8315826254232
2.669565	3.364587e-10	5.298562204724409e-06	9.521272657000002e-13	3.662602900723296e-10	1.6303926916401552e-07	5.767878583816215e-05	0.008172757671037196	49.93614148557183	181.51810859001776
2.679477	1.071094e-10	1.6867622047244095e-06	3.5385028241e-12	1.3611763022286726e-09	6.059220601690504e-07	0.00021435847279191697	0.030373382993489514	582.9666389556455	2111.247480874157
2.689385	9.303659e-11	1.4651431496062993e-06	4.5190517994e-12	1.7383697353559844e-09	7.73828173218866e-07	0.00027375901344188735	0.0387901035815918	857.1272008931176	3092.699861308213
2.699632	4.409863e-11	6.944666141732284e-07	2.813749233700001e-12	1.0823811560191908e-09	4.818175418345829e-07	0.0001704537253573529	0.024152328646097624	1125.931668559795	4047.183936056065
2.709538	8.995163e-11	1.4165611023622047e-06	5.6417093219e-12	2.170228883450469e-09	9.660685055606945e-07	0.0003417683281024361	0.048426638748152666	1106.759888727695	3963.726136286578
2.719447	3.868925e-11	6.092795275590551e-07	2.3163693187000004e-12	8.910511537110226e-10	3.966477743467866e-07	0.00014032301633244452	0.019882977623209376	1056.4993527454683	3769.937164656499
2.729339	3.539543e-10	5.574083464566929e-06	1.3073986337000012e-12	5.029245774902607e-10	2.238748173940468e-07	7.9200720864608e-05	0.011222294117183616	65.17973289524922	231.73976965996744
2.739591	3.354019e-10	5.2819196850393704e-06	4.689582055999988e-13	1.8039685933012e-10	8.030292363624297e-08	2.840895422521575e-05	0.004025388107539864	24.672909354089462	87.39369624837772
2.749473	3.284711e-10	5.1727732283464565e-06	7.545963853700002e-12	2.902749463748999e-09	1.2921470439572205e-06	0.000457125899802992	0.06477215409366054	405.38651501223836	1430.7551382816296
2.759397	4.050055e-10	6.37803937007874e-06	5.755396159699999e-12	2.2139614554395936e-09	9.855358810011538e-07	0.0003486553473133219	0.04940249041126286	250.76449382840502	881.8553047553692
2.769311	7.586853e-10	1.1947800000000003e-05	7.815970093000002e-13	3.0066143220404496e-10	1.3383820605469743e-07	4.7348257040007085e-05	0.006708980178947003	18.179124413281052	63.70106696040345
2.779549	4.943022e-10	7.784286614173228e-06	1.2647660697e-12	4.865248630616566e-10	2.1657455163384074e-07	7.661808867112703e-05	0.010856349745019424	45.15121121428042	157.63060632373075
2.789452	4.510272e-10	7.1027905511811025e-06	1.0516032487000004e-12	4.045262905339632e-10	1.8007322266157478e-07	6.370492764314382e-05	0.009026627875614845	41.143471041281444	143.12895839624628
2.799364	4.147954e-09	6.532211023622048e-05	5.3717030823e-12	2.0663640250436155e-09	9.198334889195698e-07	0.00032541165748718357	0.04610899104976809	22.85229438979862	79.2165478273744
2.809262	3.908057e-10	6.1544204724409455e-06	7.830180947700001e-12	3.0120808935294732e-09	1.3408154824727507e-06	0.0004743434477999171	0.0672117832471442	353.5596141286491	1221.2817914431607
 2.81951	1.136707e-09	1.7900897637795276e-05	2.5153212847000007e-12	9.675831546342898e-10	4.307156813419051e-07	0.00015237529994240786	0.021590718032364672	39.04780930597329	134.39048151340296
2.829425	6.697268e-10	1.0546878740157481e-05	2.38173925023e-11	9.161973825259106e-09	4.078415151899471e-06	0.0014428305236628516	0.2044409232773808	627.5499191167006	2152.264126089102
2.839324	-3.496679e-09	-5.5065811023622055e-05	4.888534022e-12	1.8805005942244716e-09	8.370971433575501e-07	0.00029614182586212156	0.04196162148455403	24.670310700081803	84.31505762243377
2.849574	9.185581e-10	1.4465481889763781e-05	3.0695446184999995e-12	1.180779442898552e-09	5.256191365328071e-07	0.00018594951856670114	0.026347994885949633	58.96836165580207	200.80965855453255
2.859477	7.682365e-10	1.20982125984252e-05	5.400124792000003e-13	2.0772971681370673e-10	9.247003328224945e-08	3.2713341230504996e-05	0.004635295396769159	12.403966971972913	42.09392946530824
 2.86939	9.873579e-10	1.5548943307086615e-05	1.0231815395000001e-12	3.935931476328508e-10	1.752063788442691e-07	6.198317285556706e-05	0.008782664961983214	18.286468105998317	61.84231348740268
2.879297	1.028055e-09	1.618984251968504e-05	2.2737367539999895e-13	8.746514390131417e-11	3.893475084667131e-08	1.3774038409655777e-05	0.0019517033245036524	3.9027935154844493	13.153295756858771
2.889531	1.160373e-09	1.82735905511811e-05	1.1084466677999993e-12	4.2639257660546033e-10	1.8980691041605167e-07	6.714843726070242e-05	0.009514553708886672	16.856559178240218	56.60920384407813
2.899433	1.128552e-09	1.7772472440944884e-05	9.947598300999998e-13	3.8266000465480323e-10	1.7033953499271603e-07	6.026141805587453e-05	0.008538702046634846	15.55422607868441	52.05720000482064
2.909352	1.222623e-09	1.9253905511811025e-05	5.826450432999999e-13	2.2412943128077772e-10	9.97702990595789e-08	3.529597343004374e-05	0.0050012397697917045	8.409365658645461	28.048680998431344
2.919255	1.203606e-09	1.8954425196850394e-05	8.526512829000001e-13	3.2799428968763107e-10	1.4600531570070363e-07	5.165264404529623e-05	0.007318887468176284	12.500829969277424	41.553947898994956
2.929507	1.354562e-09	2.133168503937008e-05	5.684341889999893e-14	2.186628599456202e-11	9.733687720229532e-09	3.4435096054428383e-06	0.0004879258315550903	0.7405136108739491	2.452923369354151
2.939397	1.303299e-09	2.05243937007874e-05	2.9416469257e-12	1.1315802993050008e-09	5.037183391152002e-07	0.0001782016219377954	0.025250161762590147	39.828892021573886	131.48779851430677
2.949316	1.724343e-09	2.715500787401575e-05	6.167510946700001e-12	2.372492028890555e-09	1.0561051169685386e-06	0.0003736207919512685	0.05293995268982275	63.11578861550789	207.6644621612111
2.959216	2.142132e-09	3.373436220472442e-05	5.826450432999999e-13	2.2412943128077772e-10	9.97702990595789e-08	3.529597343004374e-05	0.0050012397697917045	4.799650007408548	15.739045055731
2.969468	1.752615e-09	2.760023622047244e-05	6.110667528000002e-13	2.350625742972928e-10	1.0463714292825565e-07	3.7017728235794145e-05	0.00524520268599844	6.152531884891282	20.10576948655819
2.979383	2.072909e-09	3.2644236220472444e-05	6.821210263000001e-13	2.6239543174241135e-10	1.1680425255713815e-07	4.1322115235025415e-05	0.005855109974369352	5.806747505292694	18.91263678777703
2.989293	2.279099e-09	3.5891322834645666e-05	8.52651282999992e-14	3.2799428972609555e-11	1.4600531571782592e-08	5.165264405135363e-06	0.0007318887469034582	0.660176409965807	2.143073134482402
2.999204	2.310879e-09	3.639179527559055e-05	4.121147866999999e-13	1.5853057333555797e-10	7.056923591601344e-08	2.4965444619772913e-05	0.0035374622759847736	3.1469709483346984	10.1819791309033
3.009451	1.63606e-09	2.5764724409448818e-05	1.1368683777000012e-12	4.3732571977584635e-10	1.9467375435322343e-07	6.887019209068447e-05	0.009758516628526894	12.262039259048747	39.53856483002003
3.019339	1.900907e-09	2.9935543307086614e-05	1.6342482927000003e-12	6.286557220840139e-10	2.7984352184101945e-07	9.900090111559274e-05	0.014027867651415126	15.170814997289552	48.757621439195965
3.029259	2.321782e-09	3.6563496062992125e-05	1.1937117961000001e-12	4.5919200557807055e-10	2.0440744198783454e-07	7.231370166583788e-05	0.010246442455790143	9.07255872390639	29.062893910507988
3.039504	2.323852e-09	3.6596094488188974e-05	6.6222582973e-12	2.5474223166162484e-09	1.133974618627634e-06	0.00040116886875846434	0.056843359337113326	50.286266535142616	160.54328649651956
3.049407	2.741135e-09	4.316748031496063e-05	8.952838470999997e-13	3.443940041931696e-10	1.5330558149515677e-07	5.423527625089286e-05	0.007684831842057197	5.763443848906663	18.340541288601237
 3.05931	2.361759e-09	3.719305511811024e-05	5.741185304700002e-12	2.2084948838351682e-09	9.831024590240067e-07	0.0003477944698953021	0.049280508951013595	42.896091980987165	136.06289811075015
3.069198	3.703196e-09	5.8318047244094494e-05	1.0942358131e-12	4.2092600511643684e-10	1.8737348849027526e-07	6.62875598608562e-05	0.009392572251212494	5.214179385679325	16.485667537825854
 3.07946	3.615719e-09	5.6940456692913386e-05	3.268496584000007e-13	1.2573114436294843e-10	5.596870434423085e-08	1.980018021463755e-05	0.0028055735290813157	1.5951631424732065	5.026619533542433
3.089365	3.525112e-09	5.5513574803149606e-05	2.7000623957e-12	1.0386485839531303e-09	4.623501663598759e-07	0.00016356670613435124	0.023176476981270677	13.516138170369185	42.45500303144319
3.099271	3.978823e-09	6.265862992125984e-05	7.958078640999995e-13	3.06128003731536e-10	1.362716279975975e-07	4.820913444591119e-05	0.0068309616374795466	3.529436308173065	11.050737734961288
3.109174	5.125356e-09	8.071426771653544e-05	1.14539489007e-11	4.40605662496156e-09	1.9613380743163253e-06	0.0006938671850333166	0.09831705499268736	39.435100082061965	123.07884031309301
3.119418	4.386595e-09	6.908023622047245e-05	7.105427359999987e-14	2.7332857483586096e-11	1.21671096460062e-08	4.304387005289149e-06	0.0006099072892292812	0.285834342303008	0.8891730858718104
3.129317	4.67663e-09	7.364771653543307e-05	1.5774048736999997e-12	6.067894360509837e-10	2.70109834103666e-07	9.555739150409194e-05	0.013539941819001654	5.951986114897995	18.45686031759343
3.139226	5.025239e-09	7.913762204724409e-05	9.663381207000012e-13	3.7172686167675635e-10	1.6547269114116323e-07	5.853966325618211e-05	0.008294739131286491	3.3933146565859773	10.489312537932719
3.149122	5.364591e-09	8.448174803149606e-05	1.1937117957000001e-12	4.591920054242002e-10	2.044074419193398e-07	7.231370164160634e-05	0.010246442452356671	3.9265814545881192	12.099588504437378
3.159363	5.552779e-09	8.744533858267717e-05	4.405364962000002e-13	1.694637163520731e-10	7.543607978469018e-08	2.6687199425523323e-05	0.0037814251921915094	1.3999845623039173	4.30000731618652
3.169272	5.959156e-09	9.384497637795275e-05	2.9416469257e-12	1.1315802993050008e-09	5.037183391152002e-07	0.0001782016219377954	0.025250161762590147	8.710789773388248	26.67125762338562
3.179192	6.22823e-09	9.808236220472443e-05	4.419575816700001e-12	1.7001037350097543e-09	7.567942197726782e-07	0.00026773287165507946	0.03793623337958927	12.521826695201659	38.22050379780108
3.189099	8.042651e-09	0.00012665592125984251	1.01039177027e-11	3.886732332927294e-09	1.7301629911107022e-06	0.0006120838319570543	0.08672881650076449	22.16880682557737	67.4558770357935
3.199339	6.816794e-09	0.00010735108661417324	1.8758328227e-12	7.215874374358845e-10	3.212116945963437e-07	0.00011363581691903694	0.0161015524327346	4.855854923715087	14.728242236898785
3.209251	7.299792e-09	0.00011495735433070867	5.0874859877e-12	1.957032595032336e-09	8.711650503012976e-07	0.00030819410945391124	0.043669361891134226	12.298283010353563	37.18658295247047
3.219158	7.789807e-09	0.00012267412598425197	6.806999408700001e-12	2.61848774608896e-09	1.1656091037141e-06	0.00041236027497463943	0.05842911828945283	15.41987160305053	46.48190728690437
3.229401	8.202815e-09	0.00012917818897637795	3.6948222257e-12	1.4213085885694658e-09	6.326897013354682e-07	0.00022382812418416788	0.031715179027047145	7.948448649129998	23.883934578158506
3.239293	8.518461e-09	0.00013414899212598426	3.5385028237000008e-12	1.3611763020748028e-09	6.059220601005558e-07	0.0002143584727676855	0.03037338299005605	7.330104218531651	21.958637657529284
3.249209	8.929107e-09	0.00014061585826771655	3.3679725677000007e-12	1.2955774443603885e-09	5.767209970597324e-07	0.00020402794399376197	0.028909605501399323	6.6559838660833295	19.87833881152914
3.259113	9.443972e-09	0.000148723968503937	2.131628207700001e-12	8.199857243921821e-10	3.650132893288158e-07	0.00012913161014050113	0.018297218674303374	3.982983526205512	11.859177438254676
3.269361	1.002717e-08	0.00015790818897637798	4.2632564150000085e-13	1.6399714486304963e-10	7.30026578589138e-08	2.582632202567711e-05	0.003659443734517333	0.7502652272658573	2.226883084779318
3.279267	1.039146e-08	0.00016364503937007873	1.6910917107000009e-12	6.505220077323684e-10	2.8957720940713614e-07	0.00010244441066651472	0.014515793475244919	2.8717215873365016	8.49788852517428
3.289162	1.098855e-08	0.00017304803149606303	4.2064129957e-12	1.6181051624820603e-09	7.20292890800412e-07	0.00025481971062709616	0.03610651151018468	6.754967505631095	19.928906773301975
3.299069	1.160413e-08	0.00018274220472440944	2.4584778657e-12	9.457168686012595e-10	4.2098199360455164e-07	0.00014893179033090702	0.021102792199951204	3.7385695069968783	10.996628057144502
3.309306	1.212938e-08	0.00019101385826771652	2.060573933700001e-12	7.926528667547256e-10	3.528461796143148e-07	0.00012482722311098042	0.017687311381640616	2.9977909335937176	8.790425358651227
 3.31915	1.274317e-08	0.00020067984251968503	4.149569576700001e-12	1.5962388764490305e-09	7.105592030630587e-07	0.0002513762010155954	0.035618585677771215	5.746154731080674	16.79948283207561
3.329078	1.333758e-08	0.00021004062992125986	3.6806113717000005e-12	1.4158420173497154e-09	6.302562795295576e-07	0.00022296724682672686	0.03159319757538155	4.869615471409629	14.19437168831999
3.338965	1.391916e-08	0.0002191993700787402	4.050093593700001e-12	1.557972875987397e-09	6.935252495654995e-07	0.00024535005921061376	0.034764715473193576	5.134566402691442	14.92235554996933
3.349232	1.481193e-08	0.0002332587401574803	3.7942982087e-12	1.4595745890310995e-09	6.497236548330275e-07	0.00022985426598914955	0.032569049231624805	4.520344688409408	13.096999040855318
3.359128	1.542119e-08	0.00024285338582677167	5.5280224847000004e-12	2.12649631169215e-09	9.466011302229773e-07	0.0003348813089278977	0.04745078709019269	6.325628101639188	18.273535348018612
3.369042	1.61329e-08	0.0002540614173228347	4.3485215427e-12	1.6727708773722972e-09	7.44627110058177e-07	0.00026342848462555866	0.03732632608692651	4.756427993356597	13.699981377415648
3.378942	1.687657e-08	0.00026577275590551185	5.4711790657e-12	2.1046300256591194e-09	9.368674424856238e-07	0.0003314377993163968	0.04696286125777921	5.720690947578798	16.429079253071407
3.389182	1.773492e-08	0.00027929007874015753	1.6484591466999996e-12	6.341222933037643e-10	2.822769436469301e-07	9.986177847303376e-05	0.014149849103080727	1.6402146900410228	4.696250794068859
3.399086	1.856953e-08	0.00029243354330708664	5.4001247917e-12	2.0772971680216634e-09	9.247003327711229e-07	0.00032713341228687615	0.046352953965116454	5.131621625390991	14.650010952804578
3.408973	1.936698e-08	0.0003049918110236221	6.0964566726999994e-12	2.345159171253098e-09	1.0439380072540374e-06	0.00036931640492174773	0.05233004539715999	5.554785969975574	15.812088772713578
3.419228	2.036092e-08	0.0003206444094488189	6.4943606047e-12	2.4982231730996322e-09	1.1120738212442745e-06	0.0003934209721416744	0.05574552621547058	5.628475037665895	15.97379691139678
3.429131	2.119158e-08	0.0003337256692913386	6.4375171856999995e-12	2.4763568870666024e-09	1.102340133506921e-06	0.0003899774625301736	0.05525760038305712	5.360518581643039	15.169393068662462
3.439044	2.219443e-08	0.0003495185826771654	6.1959326556999996e-12	2.3834251717147315e-09	1.0609719607515967e-06	0.0003753425467267294	0.05318391560173764	4.926227169590578	13.900236144332755
3.448949	2.319224e-08	0.000365232125984252	8.2565065897e-12	3.17607803858486e-09	1.4138181404172824e-06	0.0005001697698558835	0.07087122698595336	6.282107699772986	17.675189581718755
3.459201	2.432039e-08	0.00038299826771653547	6.849631972700001e-12	2.6348874605175636e-09	1.1729093694743057e-06	0.0004149429071681203	0.058795062661617	4.969909094705539	13.941776707113464
3.469106	2.537226e-08	0.0003995631496062992	9.6633812067e-12	3.7172686166521564e-09	1.6547269113602595e-06	0.0005853966325436468	0.08294739131028972	6.720811291945633	18.79964319828361
3.479019	2.64939e-08	0.00041722677165354334	8.8391516327e-12	3.400207469750235e-09	1.5135884394254906e-06	0.0005354657432677536	0.07587246675316997	5.887303618695598	16.421208246672993
3.488895	2.774276e-08	0.0004368938582677165	7.062794793699999e-12	2.716886033045256e-09	1.2094106984465713e-06	0.00042785606819610334	0.06062478453102156	4.4924025562575185	12.494999464853457
3.499161	2.890331e-08	0.0004551702362204725	1.01323394117e-11	3.8976654757514705e-09	1.7350298348937603e-06	0.0006138055867325151	0.08697277941267938	6.186056620348401	17.155186388737814
3.509062	3.015873e-08	0.0004749406299212598	1.03455022327e-11	3.979664048279164e-09	1.7715311638660264e-06	0.0006267187477604984	0.08880250128208396	6.053273154053086	16.73958572509242
3.518969	3.14625e-08	0.0004954724409448819	8.654410521700001e-12	3.3291420404313945e-09	1.4819539544075196e-06	0.0005242743370758102	0.07428670780426395	4.85395790728956	13.385236234743754
3.528882	3.281212e-08	0.0005167262992125985	1.0359713087700001e-11	3.9851306198835914e-09	1.7739645858431741e-06	0.0006275796251785184	0.08892448274233325	5.571410764486759	15.320520417616079
3.539129	3.427166e-08	0.0005397111811023623	9.9049657367e-12	3.810200332004027e-09	1.6960950841155837e-06	0.0006000315483470909	0.0850210760916092	5.099992991147183	13.983589356912486
3.549031	3.565655e-08	0.000561520472440945	1.1766587703700001e-11	4.526321197566212e-09	2.0148733566149145e-06	0.0007128064878057028	0.10100064705808594	5.823216788701726	15.92203745246956
3.558942	3.717197e-08	0.0005853853543307087	1.1766587703700001e-11	4.526321197566212e-09	2.0148733566149145e-06	0.0007128064878057028	0.10100064705808594	5.585816963351217	15.230398465646072
3.568821	3.869449e-08	0.0006093620472440945	1.1681322575700002e-11	4.493521768709006e-09	2.0002728250945028e-06	0.0007076412234187411	0.10026875831375759	5.3271464024128425	14.484894691261346
3.579065	4.038348e-08	0.0006359603149606299	1.2647660696700002e-11	4.865248630501164e-09	2.1657455162870364e-06	0.0007661808866930968	0.10856349744761914	5.526602223323523	14.984218494964955
3.588978	4.202288e-08	0.0006617776377952757	1.22781784737e-11	4.7231177714788065e-09	2.102476546079858e-06	0.0007437980742486311	0.10539197954122345	5.155845219684415	13.940378016585353
3.598893	4.373269e-08	0.0006887037795275591	1.4111378731700002e-11	5.428305494216815e-09	2.41638797479613e-06	0.000854851258931782	0.1211275875957853	5.693967692511701	15.35293953290907
3.609124	4.561007e-08	0.0007182688188976377	1.42819089887e-11	5.493904352315904e-09	2.44558903800819e-06	0.0008651817877662842	0.12259136509302569	5.5255722862350645	14.856651525530529
 3.61903	4.74002e-08	0.000746459842519685	1.45661260827e-11	5.603235782096378e-09	2.49425747652372e-06	0.0008823993357632092	0.12503099424650935	5.422700679433451	14.540151288848492
3.628947	4.927564e-08	0.0007759943307086615	1.47792889037e-11	5.685234354624073e-09	2.5307588054959864e-06	0.0008953124967911927	0.12686071611591393	5.292647954225146	14.152652962612274
3.638852	5.125024e-08	0.0008070903937007875	1.51487711267e-11	5.827365213646428e-09	2.5940277757031645e-06	0.0009176953092356581	0.13003223402230962	5.2159478790207405	13.909589916057332
3.649093	5.332296e-08	0.0008397316535433072	1.38413724927e-11	5.324440636040766e-09	2.370152958257747e-06	0.0008384945883528767	0.11880993990255091	4.580539675420966	12.18083871811973
3.659016	5.54016e-08	0.0008724661417322835	1.67688085637e-11	6.450554363856744e-09	2.871437875447171e-06	0.0010158353328908259	0.1439381202074669	5.341111468526331	14.16487703275267
3.668922	5.753494e-08	0.0009060620472440945	1.80619963427e-11	6.94801236985798e-09	3.0928792709154406e-06	0.0010941751763555874	0.1550384328669763	5.5396946614845035	14.651862163742935
 3.67884	5.978201e-08	0.0009414489763779528	1.9269918993700002e-11	7.4126709470020105e-09	3.2997201348632997e-06	0.0011673497554333875	0.16540685678215739	5.688020048313388	15.003607490702072
3.689088	6.21371e-08	0.0009785370078740157	1.93551841217e-11	7.445470375859217e-09	3.3143206663837114e-06	0.0011725150198203492	0.16613874552648575	5.496649808229773	14.458542948002975
3.698984	6.45181e-08	0.0010160330708661417	1.98241423277e-11	7.625867235343208e-09	3.394623590088449e-06	0.0012009239740697966	0.17016413363745908	5.422063257936951	14.22419190143597
3.708892	6.693136e-08	0.0010540371653543308	2.09183781407e-11	8.046793240421176e-09	3.5819970785616e-06	0.0012672115339245947	0.1795567058878132	5.515058228675878	14.429503585947684
3.718805	6.946605e-08	0.0010939535433070868	2.20836682277e-11	8.495052103136604e-09	3.7815376767492536e-06	0.0013378034808089142	0.1895591854308301	5.6098384098544	14.638359914447133
3.729049	7.206525e-08	0.0011348858267716535	2.23820961767e-11	8.609850104521502e-09	3.8326395372419305e-06	0.0013558819062238587	0.192120796044563	5.480581020050611	14.261788373881998
3.738935	7.470279e-08	0.0011764218897637796	2.23963070307e-11	8.615316675741254e-09	3.835072959047842e-06	0.0013567427835813	0.19224277749622865	5.290434389958554	13.730580324562986
3.748859	7.744995e-08	0.001219684251968504	2.43858266917e-11	9.3806366853586e-09	4.175752029170263e-06	0.001477265619741512	0.20932018159636528	5.556074796111189	14.381839998682299
3.758756	8.025556e-08	0.0012638670866141734	2.50111042987e-11	9.621165830952578e-09	4.282822593938676e-06	0.0015151442253468629	0.214687365735746	5.499326186431063	14.197465476168643
3.768989	8.325666e-08	0.001311128503937008	2.7171154215700003e-11	1.0452084698284342e-08	4.652702727101922e-06	0.001645997590280999	0.23322854732453946	5.75891734557782	14.827278704777934
3.778911	8.622762e-08	0.0013579152755905512	2.66027200267e-11	1.0233421838338718e-08	4.555365849899625e-06	0.00161156249422657	0.22834928900898843	5.444166352163593	13.980097456404822
3.788818	8.931872e-08	0.0014065940157480315	2.7057467377700002e-11	1.0408352126218281e-08	4.633235351627215e-06	0.0016391105710579972	0.2322526956597125	5.345599222758683	13.691093194565969
3.799077	9.264091e-08	0.0014589119685039372	2.86917156697e-11	1.103700784803302e-08	4.913078873348368e-06	0.0017381114721311845	0.246280563305119	5.465192306741166	13.959595298152957
3.799062	9.244038e-08	0.0014557540157480314	2.86348722507e-11	1.1015141561999991e-08	4.903345185611015e-06	0.0017346679625196838	0.24579263747270555	5.466196883028427	13.962216388037227
3.898815	1.322993e-07	0.0020834535433070863	4.03730382457e-11	1.553052961685743e-08	6.913351698494242e-06	0.0024457526955680995	0.3465493216214517	5.384999027383322	13.402890714889372
  3.9989	1.826592e-07	0.0028765228346456693	5.55360202267e-11	2.136336140183901e-08	9.509812896054687e-06	0.0033643088821793724	0.47670353709800195	5.36518801321117	13.019367234142232
4.098767	2.462799e-07	0.0038784236220472446	7.50048911867e-11	2.8852564349879694e-08	1.2843600937964479e-05	0.004543710921240897	0.6438181342918898	5.374181865211348	12.723441684987524
4.198972	3.256909e-07	0.005128990551181102	1.0021494745169999e-10	3.855026218187094e-08	1.7160491438949642e-05	0.006070907430215896	0.8602132404393662	5.429734836483319	12.548190924811863
4.299157	4.228144e-07	0.006658494488188976	1.2994405551170002e-10	4.9986329747525605e-08	2.2251210112400237e-05	0.007871862952366238	1.1153984501306664	5.423234570191657	12.241103204983249
4.399053	5.390912e-07	0.008489625196850394	1.6436274563170001e-10	6.322636590802017e-08	2.8144958022898205e-05	0.009956908017011051	1.4108375409317	5.38013145620548	11.868044560873013
4.499242	6.774783e-07	0.010668949606299214	2.0629897790170002e-10	7.935821839147835e-08	3.5325986134477894e-05	0.012497357227004466	1.7708048229599727	5.373452690257523	11.589362625449436
4.599435	8.401572e-07	0.013230822047244094	2.547011490617e-10	9.79773609030193e-08	4.361422122254274e-05	0.015429505654018788	2.186273668242874	5.349609642863274	11.28659867481708
4.699138	1.02752e-06	0.016181417322834648	3.106634949317e-10	1.195047194504138e-07	5.319703677676457e-05	0.018819640858332883	2.6666366490908437	5.3352120114395785	11.017395971254729
4.799304	1.24997e-06	0.019684566929133857	3.764739631117e-10	1.4482041204081726e-07	6.44662137260461e-05	0.022806364100916104	3.2315327801319147	5.314802105176405	10.746185022213048
4.899178	1.505151e-06	0.02370316535433071	4.519336016517e-10	1.7384790667946126e-07	7.738768416613201e-05	0.02737762309912776	3.879254321094271	5.298419050695016	10.494664522462266
4.999335	1.800064e-06	0.028347464566929135	5.388613999417e-10	2.0728692451247863e-07	9.227292610153536e-05	0.03264361015944546	4.625414898460638	5.282516606275036	10.253546544249511
5.099519	2.138441e-06	0.033676236220472444	6.376978944917e-10	2.453069292615299e-07	0.00010919737561440387	0.038631012482130696	5.473795937541659	5.2622254772913495	10.0134956660999
5.199376	2.523249e-06	0.03973620472440945	7.494094234017e-10	2.882796477803291e-07	0.00012832650539233413	0.045398369729185685	6.432692177290942	5.240959242602889	9.781490392035202
5.299564	2.961421e-06	0.04663655118110237	8.756018132817e-10	3.3682280265825294e-07	0.00014993529211788763	0.05304296104854377	7.515887522673736	5.217449364213123	9.553523519917054
5.399755	3.457278e-06	0.054445322834645676	1.0202398925917e-09	3.9246156734023913e-07	0.0001747026605081334	0.061804971234683335	8.757414800369979	5.207385634802781	9.358174969729554
5.499516	4.012636e-06	0.06319111811023621	1.1792025133917e-09	4.536106360648506e-07	0.00020192291819141103	0.07143474583698435	10.121899386993217	5.185735639409121	9.15021669147348
5.599586	4.636653e-06	0.07301815748031497	1.3572218903917001e-09	5.22090377174438e-07	0.00023240639468525442	0.08221895703534458	11.64996110876354	5.165329168913176	8.951329818093692
5.699412	5.331444e-06	0.08395974803149607	1.5551790965917e-09	5.982397181046291e-07	0.0002663039621505344	0.09421097922907547	13.349162816130567	5.1473926808886565	8.764007160747536
5.799505	6.106397e-06	0.09616373228346456	1.7769536952917e-09	6.835510328591946e-07	0.00030427994476732	0.10764583194632987	15.252805446755236	5.135028014136064	8.592061274465438
5.899619	6.965488e-06	0.10969272440944881	2.0191635030916998e-09	7.767232774309016e-07	0.00034575518812046143	0.12231862636707114	17.331857413870743	5.1153067432174915	8.413819510969924
5.999398	7.911575e-06	0.12459173228346458	2.2857733483917e-09	8.792816252416074e-07	0.0003914086169167535	0.13846954728214292	19.620351543642006	5.098259738952094	8.24631193722706
6.099456	8.956935e-06	0.14105409448818898	2.5791706547917e-09	9.921444603054686e-07	0.0004416490460415076	0.1562432220953494	22.13878072104756	5.081271477536731	8.084008683939581
6.199547	1.010544e-05	0.15914078740157478	2.9021549607917e-09	1.1163886972535608e-06	0.000496955859635352	0.1758092436619781	24.911175294314454	5.067772522210359	7.932363930968777
6.299207	1.135407e-05	0.17880425196850394	3.2514577696917e-09	1.2507570245976323e-06	0.0005567693706349812	0.1969696101728555	27.909479527156165	5.053337360163757	7.78462843213417
6.399343	1.273116e-05	0.20049070866141733	3.6361882393916997e-09	1.3987535146764958e-06	0.0006226494025012048	0.22027614404354268	31.21188353426201	5.039995213144453	7.6425838247981925
6.499108	1.422666e-05	0.22404188976377956	4.0504914977917e-09	1.5581259400506761e-06	0.0006935933854068362	0.24537416378750807	34.768130955382695	5.024079635956987	7.5015021183348125
6.599209	1.585992e-05	0.24976251968503935	4.5063899278917e-09	1.7334990201705739e-06	0.0007716599942880337	0.27299197168040534	38.68141810305647	5.013944444224728	7.372811155361757
6.699295	1.763411e-05	0.2777025196850394	4.9958259750917005e-09	1.921773209007646e-06	0.0008554694789154338	0.30264145023742456	42.88258149090999	4.9992574044167455	7.241388898506192
6.799158	1.9553e-05	0.3079212598425197	5.5267435072917e-09	2.1260043200714545e-06	0.0009463821221665561	0.33480382993251256	47.43980875483634	4.987784161266472	7.11865578813748
6.899363	2.16363e-05	0.34072913385826775	6.0968403658917e-09	2.3453067687274626e-06	0.0010440037096656914	0.3693396486184981	52.3333388975026	4.972486031349925	6.993749164138554
6.999533	2.388756e-05	0.3761820472440945	6.7158936189917e-09	2.5834415561856612e-06	0.0011500084357091442	0.4068411899504979	57.64709516235856	4.961166010594791	6.877968298258845
7.099425	2.630769e-05	0.41429433070866145	7.3267898414917005e-09	2.818438531608314e-06	0.0012546163775668249	0.4438485876548527	62.890834070490676	4.914538722401132	6.717459569844388
7.199609	2.892159e-05	0.45545811023622046	7.856229444791699e-09	3.0221011192329554e-06	0.0013452759449357483	0.4759214360996781	67.43537526272276	4.793400710599767	6.460710785710574
7.299783	3.173211e-05	0.4997182677165355	8.3607005762917e-09	3.2161589407159545e-06	0.0014316599899653118	0.5064817229473945	71.76559503303076	4.649384478789891	6.180604971467849
7.399594	3.473825e-05	0.5470590551181104	8.8289198174917e-09	3.3962715383457253e-06	0.0015118363756690175	0.534845911550508	75.78464010515269	4.484885693987989	5.8815116638450196
7.499779	3.796918e-05	0.5979398425196851	9.2727816535917e-09	3.5670144323878388e-06	0.0015878418761672499	0.5617345562815494	79.5946089575833	4.309536445708573	5.576061658265197
7.599651	4.14211e-05	0.6523007874015748	1.1464052817691699e-08	4.409943357020983e-06	0.0019630682371856866	0.6944792688222021	98.40378380308512	4.88391720113746	6.2362012149075134
7.699821	4.511984e-05	0.7105486614173229	1.24485239896917e-08	4.7886455641880836e-06	0.0021316459748244856	0.7541174116831628	106.85417128039647	4.868577100076388	6.135739295659705
7.800016	4.907467e-05	0.7728294488188976	1.3504745765691699e-08	5.194948490272296e-06	0.0023125100595301723	0.8181021244523302	115.92044312565672	4.856023359584292	6.041304821892539
7.899873	5.327985e-05	0.8390527559055119	1.46230689776917e-08	5.625140334133217e-06	0.002504008198216061	0.8858488715170421	125.51977394920208	4.843142833928156	5.949118825022842
8.000056	5.777523e-05	0.9098461417322834	1.58136685966917e-08	6.083135160585696e-06	0.002707882720815729	0.9579740410371176	135.73950246644225	4.829950639588866	5.858617451132104
8.100223	6.256036e-05	0.9852025196850395	1.70810494636917e-08	6.570665872814873e-06	0.0029249050220899408	1.0347505311519487	146.6182967999759	4.818002860290683	5.771856880918643
8.199994	6.762746e-05	1.0649993700787401	1.84140418466917e-08	7.083435745551211e-06	0.0031531624323697938	1.1155016922127892	158.0602795223045	4.804827404988786	5.6860376733448605
8.300076	7.302716e-05	1.1500340157480315	1.98281213666917e-08	7.627397875235383e-06	0.003395304948172134	1.2011650197221078	170.19828844282415	4.791250741339248	5.601602741070817
8.399835	7.873682e-05	1.2399499212598426	2.13209432326917e-08	8.201650277581514e-06	0.003650931054883577	1.2915984689104747	183.01219662123754	4.778375615986023	5.520202454517885
8.499924	8.480834e-05	1.335564409448819	2.28969128106917e-08	8.807887590152412e-06	0.003920795113479711	1.3870689118350257	196.53981831837632	4.764201375077267	5.439018588077784
8.600017	9.124158e-05	1.4368752755905514	2.45641018636917e-08	9.449214824603851e-06	0.004206279307191491	1.488065326709268	210.8504389810012	4.750724378558256	5.360508643034879
8.699787	9.802412e-05	1.5436869291338584	2.63176360706917e-08	1.0123756947746805e-05	0.004506548972668609	1.5942924327160326	225.90221898768877	4.737679385558726	5.2844832172465335
8.799691	0.0001051913	1.656555905511811	2.8162446596691702e-08	1.0833410859279828e-05	0.004822448507048599	1.706048954217296	241.73748589068205	4.72435257460609	5.2097916396754265
 8.89975	0.0001127849	1.776140157480315	3.00945259826917e-08	1.1576634986822139e-05	0.005153291685695216	1.8230921239089983	258.32184093630224	4.708561970984374	5.134001119169184
8.999519	0.0001207788	1.9020283464566932	3.21391553366917e-08	1.2363154360086672e-05	0.005503407565784387	1.9469534425333344	275.8722891161954	4.695647537811988	5.063160190423929
9.099614	0.000129236	2.035212598425197	3.42835875246917e-08	1.3188065465473286e-05	0.0058706133683051965	2.0768607032241397	294.2794130857114	4.681170893703246	4.99202787038105
9.199344	0.0001381158	2.175051968503937	3.65298120636917e-08	1.4052133621967971e-05	0.006255249771872099	2.2129344286563737	313.56029022610875	4.667193607367663	4.923165474648234
9.299445	0.0001474966	2.322781102362205	3.88897376526917e-08	1.4959939817540773e-05	0.006659355984531753	2.35589603425839	333.8171410226217	4.6526967404095565	4.855044241245409
9.399501	0.0001573746	2.4783401574803148	4.1357537838691704e-08	1.5909242756891425e-05	0.007081934302853996	2.505392560140382	354.9999530555179	4.637370327547796	4.7875404452707055
9.499393	0.0001677363	2.641516535433071	4.39323315506917e-08	1.689970351335365e-05	0.007522833855020432	2.661370632024197	377.10116349151514	4.621776456178574	4.721266940538979
9.599603	0.0001786602	2.8135464566929134	4.6636060346691704e-08	1.7939762472669165e-05	0.007985811844200753	2.8251594445148296	400.30911168704085	4.606231724573933	4.656268170231094
9.699784	0.0001901319	2.994203149606299	4.9463253048691704e-08	1.9027315005222264e-05	0.008469931403134961	2.9964275598775223	424.5768347899849	4.590705461019093	4.592644627672697
9.799675	0.0002021274	3.183108661417323	5.24036636306917e-08	2.0158419713061184e-05	0.008973438034655447	3.1745542855214466	449.81638417141323	4.574969499390854	4.530248296336678
9.899858	0.0002147524	3.3819275590551183	5.54779404636917e-08	2.13410195242213e-05	0.009499867500669827	3.3607904762553233	476.2049988817803	4.55862687421504	4.468384705979212
9.999701	0.0002279378	3.5895716535433073	5.86761501606917e-08	2.257129330539925e-05	0.010047518839326527	3.554534378803032	503.65741388590857	4.542521603451573	4.408140847688569
10.09986	0.0002417865	3.8076614173228345	6.20149336326917e-08	2.385564241186494e-05	0.010619241587725679	3.7567940806086524	532.3164694719902	4.526014875134159	4.3485663277043445
10.20005	0.0002562994	4.036211023622048	6.54913350216917e-08	2.5192929796663117e-05	0.01121452959406864	3.9673905191595464	562.15679349492	4.5090805784386	4.289741982195635
10.29991	0.0002714088	4.274154330708662	6.90946677646917e-08	2.6579044597931858e-05	0.011831552925021749	4.1856763146349385	593.0866558962471	4.4923372303146	4.232377490942544
10.40009	0.0002872818	4.524122834645669	7.28521030166917e-08	2.8024438900671142e-05	0.012474964283446402	4.413297464672621	625.339285230028	4.47492460034887	4.175361669795645
10.50031	0.0003038826	4.7855527559055115	7.67615659926917e-08	2.952831458536134e-05	0.013144408389704829	4.650128281159267	658.8968722016075	4.457483403857025	4.119391698715316
10.60014	0.0003211624	5.057675590551181	8.08050657496917e-08	3.1083750972131974e-05	0.013836804531476354	4.8950788932491305	693.604988277417	4.439822784994037	4.064428705545936
10.70033	0.0003392538	5.342579527559055	8.500548176469171e-08	3.269954924143929e-05	0.01455607051822125	5.149535313612487	729.6600236123209	4.42154403379918	4.009795816287703
10.80051	0.0003581201	5.639686614173228	8.93721363576917e-08	3.4379295463917246e-05	0.015303802674605824	5.414062277782244	767.1419980366884	4.403775639350052	3.956638721344745
10.90026	0.0003777174	5.948305511811023	9.38723729856917e-08	3.6110427458707473e-05	0.016074408997233114	5.6866814895602324	805.7705981702321	4.385534655312671	3.904191985546805
11.00032	0.0003982268	6.271288188976379	9.85422872186917e-08	3.790683031703124e-05	0.016874070377633967	5.969579577485235	845.8556569073925	4.366604888469569	3.8519802625644957
11.10005	0.0004195155	6.606543307086614	1.034634635746917e-07	3.979988762625609e-05	0.017716757091284157	6.267698838780487	888.0974698066971	4.352018609146407	3.8046199790750714
11.20015	0.0004421044	6.962274015748031	1.0844226494469171e-07	4.171511188217324e-05	0.01856931133053369	6.5693089578225585	930.833917501347	4.328381029118157	3.7501368935164137
11.30021	0.0004651615	7.325377952755907	1.135913691946917e-07	4.3695847529766685e-05	0.01945102769767514	6.881235831459321	975.0321909613754	4.309166892203093	3.7004307020852982
11.39994	0.0004890418	7.701445669291339	1.188857652346917e-07	4.573247340870583e-05	0.02035762337256303	7.201964316331627	1020.477602943782	4.28978591197839	3.651560735620742
11.49996	0.0005140597	8.095428346456693	1.243938925246917e-07	4.785131652103653e-05	0.021300817712411848	7.535640397013628	1067.7576160093681	4.270092095933299	3.6031835623068162
11.60003	0.0005400689	8.505022047244095	1.300857377346917e-07	5.0040831465899226e-05	0.022275471329279806	7.880445900141611	1116.6146052776926	4.250424023373137	3.555646855884119
11.69975	0.0005670561	8.930017322834646	1.359267400846917e-07	5.2287723548599266e-05	0.023275666144233625	8.23428717300776	1166.7519120036088	4.229905033899681	3.5083225162430156
11.79985	0.0005951589	9.372581102362206	1.419730608646917e-07	5.4613596656670625e-05	0.024311019039392708	8.600566402625295	1218.651606841112	4.209444186381081	3.4617344054200228
11.89959	0.0006242669	9.830974803149608	1.481787705846917e-07	5.700078282813359e-05	0.025373665193789915	8.976501232776945	1271.9194456536818	4.188585849908372	3.4157092725503952
11.99968	0.0006545747	10.308262992125984	1.545936640946917e-07	5.946843693530627e-05	0.026472131320444167	9.36510817878839	1326.9828515988888	4.167582614884518	3.37023378981436
